 0.00, 0.00, 0.00, 0.00, 0.00, 0.00, 0.00, 0.00
-1.24,-1.00, 0.03,-0.31, 0.00, 0.00, 0.00, 0.00
-1.24,-1.00, 0.03,-0.31, 0.00, 0.00, 0.00, 0.00
-1.24,-1.00, 0.03,-0.31, 0.00, 0.00, 0.00, 0.00
-1.24,-1.00, 0.03,-0.31, 0.00, 0.00, 0.00, 0.00
-1.24,-1.00, 0.03,-0.31, 0.00, 0.00, 0.00, 0.00
-1.24,-1.00, 0.03,-0.31, 0.00, 0.00, 0.00, 0.00
-1.24,-1.00, 0.03,-0.31, 0.00, 0.00, 0.00, 0.00
-1.24,-1.00, 0.03,-0.31, 0.00, 0.00, 0.00, 0.00
-1.24,-1.00, 0.03,-0.31, 0.00, 0.00, 0.00, 0.00
-1.24,-1.00, 0.03,-0.31, 0.00, 0.00, 0.00, 0.00
-1.24,-1.00, 0.03,-0.31, 0.00, 0.00, 0.00, 0.00
-1.24,-1.00, 0.03,-0.31, 0.00, 0.00, 0.00, 0.00
-1.24,-1.00, 0.03,-0.31, 0.00, 0.00, 0.00, 0.00
-1.24,-1.00, 0.03,-0.31, 0.00, 0.00, 0.00, 0.00
-1.24,-1.00, 0.03,-0.31, 0.00, 0.00, 0.00, 0.00
-1.24,-1.00, 0.03,-0.31, 0.00, 0.00, 0.00, 0.00
-1.24,-1.00, 0.03,-0.31, 0.00, 0.00, 0.00, 0.00
-1.24,-1.00, 0.03,-0.31, 0.00, 0.00, 0.00, 0.00
-1.24,-1.00, 0.03,-0.31, 0.00, 0.00, 0.00, 0.00
-1.24,-1.00, 0.03,-0.31, 0.00, 0.00, 0.00, 0.00
-1.24,-1.00, 0.03,-0.31, 0.00, 0.00, 0.00, 0.00
-1.24,-1.00, 0.03,-0.31, 0.00, 0.00, 0.00, 0.00
-1.24,-1.00, 0.03,-0.31, 0.00, 0.00, 0.00, 0.00
-1.24,-1.00, 0.03,-0.31, 0.00, 0.00, 0.00, 0.00
-1.24,-1.00, 0.03,-0.31, 0.00, 0.00, 0.00, 0.00
-1.24,-1.00, 0.03,-0.31, 0.00, 0.00, 0.00, 0.00
-1.24,-1.00, 0.03,-0.31, 0.00, 0.00, 0.00, 0.00
-1.24,-1.00, 0.03,-0.31, 0.00, 0.00, 0.00, 0.00
-1.24,-1.00, 0.03,-0.31, 0.00, 0.00, 0.00, 0.00
-1.24,-1.00, 0.03,-0.31, 0.00, 0.00, 0.00, 0.00
-1.24,-1.00, 0.03,-0.31, 0.00, 0.00, 0.00, 0.00
-1.24,-1.00, 0.03,-0.31, 0.00, 0.00, 0.00, 0.00
-1.24,-1.00, 0.03,-0.31, 0.00, 0.00, 0.00, 0.00
-1.24,-1.00, 0.03,-0.31, 0.00, 0.00, 0.00, 0.00
-1.24,-1.00, 0.03,-0.31, 0.00, 0.00, 0.00, 0.00
-1.24,-1.00, 0.03,-0.31, 0.00, 0.00, 0.00, 0.00
-1.24,-1.00, 0.03,-0.30, 0.00, 0.00, 0.00, 0.00
-1.24,-1.00, 0.03,-0.30, 0.00, 0.00, 0.00, 0.00
-1.24,-1.00, 0.03,-0.31, 0.00, 0.00, 0.00, 0.00
-1.24,-1.00, 0.03,-0.31, 0.00, 0.00, 0.00, 0.00
-1.24,-1.00, 0.03,-0.29, 0.00, 0.00, 0.00, 0.00
-1.24,-1.00, 0.03,-0.29, 0.00, 0.00, 0.00, 0.00
-1.24,-1.00, 0.03,-0.29, 0.00, 0.00, 0.00, 0.00
-1.24,-1.00, 0.03,-0.29, 0.00, 0.00, 0.00, 0.00
-1.24,-1.00, 0.03,-0.29, 0.00, 0.00, 0.00, 0.00
-1.24,-1.00, 0.03,-0.29, 0.00, 0.00, 0.00, 0.00
-1.24,-1.00, 0.03,-0.29, 0.00, 0.00, 0.00, 0.00
-1.24,-1.00, 0.03,-0.29, 0.00, 0.00, 0.00, 0.00
-1.24,-1.00, 0.03,-0.29, 0.00, 0.00, 0.00, 0.00
-1.24,-1.00, 0.03,-0.29, 0.00, 0.00, 0.00, 0.00
-1.24,-1.00, 0.03,-0.29, 0.00, 0.00, 0.00, 0.00
-1.24,-1.00, 0.03,-0.29, 0.00, 0.00, 0.00, 0.00
-1.24,-1.00, 0.03,-0.29, 0.00, 0.00, 0.00, 0.00
-1.24,-1.00, 0.03,-0.29, 0.00, 0.00, 0.00, 0.00
-1.24,-1.00, 0.03,-0.29, 0.00, 0.00, 0.00, 0.00
-1.24,-1.00, 0.03,-0.29, 0.00, 0.00, 0.00, 0.00
-1.24,-1.00, 0.03,-0.29, 0.00, 0.00, 0.00, 0.00
-1.24,-1.00, 0.03,-0.29, 0.00, 0.00, 0.00, 0.00
-1.24,-1.00, 0.03,-0.29, 0.00, 0.00, 0.00, 0.00
-1.24,-1.00, 0.03,-0.29, 0.00, 0.00, 0.00, 0.00
-1.24,-1.00, 0.03,-0.29, 0.00, 0.00, 0.00, 0.00
-1.24,-1.00, 0.03,-0.29, 0.00, 0.00, 0.00, 0.00
-1.24,-1.00, 0.03,-0.29, 0.00, 0.00, 0.00, 0.00
-1.24,-1.00, 0.03,-0.29, 0.00, 0.00, 0.00, 0.00
-1.24,-1.00, 0.03,-0.29, 0.00, 0.00, 0.00, 0.00
-1.24,-1.00, 0.03,-0.29, 0.00, 0.00, 0.00, 0.00
-1.24,-1.00, 0.03,-0.27, 0.00, 0.00, 0.00, 0.00
-1.24,-1.00, 0.03,-0.27, 0.00, 0.00, 0.00, 0.00
-1.24,-1.00, 0.03,-0.27, 0.00, 0.00, 0.00, 0.00
-1.24,-1.00, 0.03,-0.27, 0.00, 0.00, 0.00, 0.00
-1.24,-1.00, 0.03,-0.27, 0.00, 0.00, 0.00, 0.00
-1.24,-1.00, 0.03,-0.27, 0.00, 0.00, 0.00, 0.00
-1.24,-1.00, 0.03,-0.27, 0.00, 0.00, 0.00, 0.00
-1.24,-1.00, 0.03,-0.27, 0.00, 0.00, 0.00, 0.00
-1.24,-1.00, 0.03,-0.27, 0.00, 0.00, 0.00, 0.00
-1.24,-1.00, 0.03,-0.27, 0.00, 0.00, 0.00, 0.00
-1.24,-1.00, 0.03,-0.27, 0.00, 0.00, 0.00, 0.00
-1.24,-1.00, 0.03,-0.27, 0.00, 0.00, 0.00, 0.00
-1.24,-1.00, 0.03,-0.27, 0.00, 0.00, 0.00, 0.00
-1.24,-1.00, 0.03,-0.27, 0.00, 0.00, 0.00, 0.00
-1.24,-1.00, 0.03,-0.27, 0.00, 0.00, 0.00, 0.00
-1.24,-1.00, 0.03,-0.27, 0.00, 0.00, 0.00, 0.00
-1.24,-1.00, 0.03,-0.27, 0.00, 0.00, 0.00, 0.00
-1.23,-0.99, 0.07,-0.33, 0.00, 0.00, 0.00, 0.00
-1.23,-0.99, 0.08,-0.32, 0.00, 0.00, 0.00, 0.00
-1.23,-0.99, 0.08,-0.32, 0.00, 0.00, 0.00, 0.00
-1.23,-0.99, 0.08,-0.32, 0.00, 0.00, 0.00, 0.00
-1.23,-0.99, 0.08,-0.32, 0.00, 0.00, 0.00, 0.00
-1.23,-0.99, 0.08,-0.32, 0.00, 0.00, 0.00, 0.00
-1.23,-0.99, 0.08,-0.32, 0.00, 0.00, 0.00, 0.00
-1.23,-0.99, 0.08,-0.32, 0.00, 0.00, 0.00, 0.00
-1.23,-0.99, 0.08,-0.32, 0.00, 0.00, 0.00, 0.00
-1.23,-0.99, 0.08,-0.32, 0.00, 0.00, 0.00, 0.00
-1.23,-0.99, 0.08,-0.32, 0.00, 0.00, 0.00, 0.00
-1.23,-0.99, 0.08,-0.32, 0.00, 0.00, 0.00, 0.00
-1.23,-0.99, 0.08,-0.32, 0.00, 0.00, 0.00, 0.00
-1.23,-0.99, 0.08,-0.32, 0.00, 0.00, 0.00, 0.00
-1.21,-0.97, 0.11,-0.32, 0.00, 0.00, 0.00, 0.00
-1.21,-0.97, 0.11,-0.32, 0.00, 0.00, 0.00, 0.00
-1.21,-0.97, 0.11,-0.32, 0.00, 0.00, 0.00, 0.00
-1.21,-0.97, 0.11,-0.32, 0.00, 0.00, 0.00, 0.00
-1.21,-0.97, 0.11,-0.32, 0.00, 0.00, 0.00, 0.00
-1.21,-0.97, 0.11,-0.32, 0.00, 0.00, 0.00, 0.00
-1.21,-0.97, 0.11,-0.32, 0.00, 0.00, 0.00, 0.00
-1.21,-0.97, 0.11,-0.32, 0.00, 0.00, 0.00, 0.00
-1.21,-0.97, 0.11,-0.32, 0.00, 0.00, 0.00, 0.00
-1.21,-0.97, 0.11,-0.32, 0.00, 0.00, 0.00, 0.00
-1.21,-0.97, 0.11,-0.32, 0.00, 0.00, 0.00, 0.00
-1.21,-0.97, 0.11,-0.32, 0.00, 0.00, 0.00, 0.00
-1.21,-0.97, 0.11,-0.32, 0.00, 0.00, 0.00, 0.00
-1.21,-0.97, 0.11,-0.32, 0.00, 0.00, 0.00, 0.00
-1.21,-0.97, 0.11,-0.32, 0.00, 0.00, 0.00, 0.00
-1.21,-0.97, 0.11,-0.32, 0.00, 0.00, 0.00, 0.00
-1.21,-0.97, 0.11,-0.32, 0.00, 0.00, 0.00, 0.00
-1.21,-0.97, 0.11,-0.32, 0.00, 0.00, 0.00, 0.00
-1.21,-0.97, 0.11,-0.32, 0.00, 0.00, 0.00, 0.00
-1.21,-0.97, 0.11,-0.32, 0.00, 0.00, 0.00, 0.00
-1.21,-0.97, 0.11,-0.32, 0.00, 0.00, 0.00, 0.00
-1.21,-0.97, 0.11,-0.32, 0.00, 0.00, 0.00, 0.00
-1.21,-0.97, 0.11,-0.32, 0.00, 0.00, 0.00, 0.00
-1.21,-0.97, 0.11,-0.32, 0.00, 0.00, 0.00, 0.00
-1.21,-0.97, 0.11,-0.32, 0.00, 0.00, 0.00, 0.00
-1.21,-0.97, 0.11,-0.32, 0.00, 0.00, 0.00, 0.00
-1.21,-0.97, 0.11,-0.32, 0.00, 0.00, 0.00, 0.00
-1.21,-0.97, 0.11,-0.32, 0.00, 0.00, 0.00, 0.00
-1.21,-0.97, 0.11,-0.32, 0.00, 0.00, 0.00, 0.00
-1.21,-0.97, 0.11,-0.32, 0.00, 0.00, 0.00, 0.00
-1.21,-0.97, 0.11,-0.32, 0.00, 0.00, 0.00, 0.00
-1.19,-0.95, 0.13,-0.31, 0.00, 0.00, 0.00, 0.00
-1.18,-0.93, 0.15,-0.29, 0.00, 0.00, 0.00, 0.00
-1.18,-0.93, 0.16,-0.28, 0.00, 0.00, 0.00, 0.00
-1.18,-0.93, 0.16,-0.30, 0.00, 0.00, 0.00, 0.00
-1.17,-0.93, 0.16,-0.28, 0.00, 0.00, 0.00, 0.00
-1.17,-0.93, 0.16,-0.28, 0.00, 0.00, 0.00, 0.00
-1.17,-0.93, 0.16,-0.28, 0.00, 0.00, 0.00, 0.00
-1.17,-0.93, 0.16,-0.28, 0.00, 0.00, 0.00, 0.00
-1.17,-0.93, 0.16,-0.28, 0.00, 0.00, 0.00, 0.00
-1.17,-0.93, 0.16,-0.28, 0.00, 0.00, 0.00, 0.00
-1.17,-0.93, 0.16,-0.28, 0.00, 0.00, 0.00, 0.00
-1.17,-0.93, 0.16,-0.28, 0.00, 0.00, 0.00, 0.00
-1.17,-0.93, 0.16,-0.28, 0.00, 0.00, 0.00, 0.00
-1.17,-0.93, 0.16,-0.28, 0.00, 0.00, 0.00, 0.00
-1.17,-0.93, 0.16,-0.28, 0.00, 0.00, 0.00, 0.00
-1.17,-0.93, 0.16,-0.28, 0.00, 0.00, 0.00, 0.00
-1.17,-0.93, 0.16,-0.28, 0.00, 0.00, 0.00, 0.00
-1.17,-0.93, 0.16,-0.28, 0.00, 0.00, 0.00, 0.00
-1.17,-0.93, 0.16,-0.28, 0.00, 0.00, 0.00, 0.00
-1.17,-0.93, 0.16,-0.28, 0.00, 0.00, 0.00, 0.00
-1.17,-0.93, 0.16,-0.28, 0.00, 0.00, 0.00, 0.00
-1.17,-0.93, 0.16,-0.28, 0.00, 0.00, 0.00, 0.00
-1.17,-0.93, 0.16,-0.28, 0.00, 0.00, 0.00, 0.00
-1.17,-0.93, 0.16,-0.28, 0.00, 0.00, 0.00, 0.00
-1.17,-0.93, 0.16,-0.28, 0.00, 0.00, 0.00, 0.00
-1.17,-0.93, 0.16,-0.28, 0.00, 0.00, 0.00, 0.00
-1.17,-0.93, 0.16,-0.28, 0.00, 0.00, 0.00, 0.00
-1.17,-0.93, 0.16,-0.28, 0.00, 0.00, 0.00, 0.00
-1.17,-0.93, 0.16,-0.28, 0.00, 0.00, 0.00, 0.00
-1.17,-0.93, 0.16,-0.28, 0.00, 0.00, 0.00, 0.00
-1.17,-0.93, 0.16,-0.28, 0.00, 1.00, 0.00, 0.00
-1.12,-0.88, 0.24,-0.31, 0.00, 1.00, 0.00, 0.00
-1.12,-0.88, 0.24,-0.32, 0.00, 1.00, 0.00, 0.00
-1.12,-0.88, 0.24,-0.32, 0.00, 1.00, 0.00, 0.00
-1.12,-0.88, 0.24,-0.32, 0.00, 1.00, 0.00, 0.00
-1.12,-0.88, 0.24,-0.32, 0.00, 1.00, 0.00, 0.00
-1.12,-0.88, 0.24,-0.32, 0.00, 1.00, 0.00, 0.00
-1.12,-0.88, 0.24,-0.32, 0.00, 1.00, 0.00, 0.00
-1.12,-0.88, 0.24,-0.32, 0.00, 1.00, 0.00, 0.00
-1.12,-0.88, 0.24,-0.32, 0.00, 1.00, 0.00, 0.00
-1.12,-0.88, 0.24,-0.32, 0.00, 1.00, 0.00, 0.00
-1.12,-0.87, 0.24,-0.31, 0.00, 1.00, 0.00, 0.00
-1.10,-0.86, 0.27,-0.30, 0.00, 1.00, 0.00, 0.00
-1.10,-0.86, 0.27,-0.26, 0.00, 1.00, 0.00, 0.00
-1.10,-0.86, 0.27,-0.26, 0.00, 1.00, 0.00, 0.00
-1.10,-0.86, 0.27,-0.26, 0.00, 1.00, 0.00, 0.00
-1.10,-0.86, 0.27,-0.26, 0.00, 1.00, 0.00, 0.00
-1.10,-0.86, 0.27,-0.26, 0.00, 1.00, 0.00, 0.00
-1.10,-0.86, 0.27,-0.26, 0.00, 1.00, 0.00, 0.00
-1.10,-0.86, 0.27,-0.26, 0.00, 1.00, 0.00, 0.00
-1.10,-0.86, 0.27,-0.26, 0.00, 1.00, 0.00, 0.00
-1.10,-0.86, 0.27,-0.26, 0.00, 1.00, 0.00, 0.00
-1.10,-0.86, 0.27,-0.26, 0.00, 1.00, 0.00, 0.00
-1.10,-0.86, 0.27,-0.26, 0.00, 1.00, 0.00, 0.00
-1.10,-0.86, 0.27,-0.26, 0.00, 1.00, 0.00, 0.00
-1.10,-0.86, 0.27,-0.26, 0.00, 1.00, 0.00, 0.00
-1.10,-0.86, 0.27,-0.26, 0.00, 1.00, 0.00, 0.00
-1.10,-0.86, 0.27,-0.26, 0.00, 1.00, 0.00, 0.00
-1.11,-0.85, 0.29,-0.30, 0.00, 1.00, 0.00, 0.00
-1.13,-0.84, 0.29,-0.30, 0.00, 1.00, 0.00, 0.00
-1.13,-0.84, 0.29,-0.30, 0.00, 1.00, 0.00, 0.00
-1.14,-0.84, 0.30,-0.31, 0.00, 1.00, 0.00, 0.00
-1.14,-0.83, 0.30,-0.31, 0.00, 1.00, 0.00, 0.00
-1.14,-0.83, 0.30,-0.31, 0.00, 1.00, 0.00, 0.00
-1.15,-0.83, 0.30,-0.31, 0.00, 1.00, 0.00, 0.00
-1.15,-0.83, 0.30,-0.31, 0.00, 1.00, 0.00, 0.00
-1.16,-0.83, 0.30,-0.31, 0.00, 1.00, 0.00, 0.00
-1.16,-0.83, 0.30,-0.31, 0.00, 1.00, 0.00, 0.00
-1.16,-0.83, 0.30,-0.31, 0.00, 1.00, 0.00, 0.00
-1.16,-0.83, 0.30,-0.30, 0.00, 1.00, 0.00, 0.00
-1.17,-0.82, 0.30,-0.31, 0.00, 1.00, 0.00, 0.00
-1.17,-0.82, 0.30,-0.31, 0.00, 1.00, 0.00, 0.00
-1.18,-0.82, 0.30,-0.31, 0.00, 1.00, 0.00, 0.00
-1.19,-0.82, 0.30,-0.32, 0.00, 1.00, 0.00, 0.00
-1.19,-0.82, 0.30,-0.31, 0.00, 1.00, 0.00, 0.00
-1.20,-0.81, 0.30,-0.32, 0.00, 1.00, 0.00, 0.00
-1.20,-0.81, 0.30,-0.31, 0.00, 1.00, 0.00, 0.00
-1.21,-0.81, 0.30,-0.31, 0.00, 1.00, 0.00, 0.00
-1.22,-0.81, 0.31,-0.31, 0.00, 1.00, 0.00, 0.00
-1.23,-0.80, 0.31,-0.32, 0.00, 1.00, 0.00, 0.00
-1.23,-0.80, 0.30,-0.28, 0.00, 1.00, 0.00, 0.00
-1.24,-0.80, 0.30,-0.29, 0.00, 1.00, 0.00, 0.00
-1.25,-0.79, 0.31,-0.31, 0.00, 1.00, 0.00, 0.00
-1.26,-0.79, 0.31,-0.31, 0.00, 1.00, 0.00, 0.00
-1.27,-0.79, 0.31,-0.31, 0.00, 1.00, 0.00, 0.00
-1.28,-0.78, 0.31,-0.31, 0.00, 1.00, 0.00, 0.00
-1.29,-0.78, 0.31,-0.31, 0.00, 1.00, 0.00, 0.00
-1.30,-0.78, 0.31,-0.30, 0.00, 1.00, 0.00, 0.00
-1.31,-0.77, 0.31,-0.31, 0.00, 1.00, 0.00, 0.00
-1.33,-0.77, 0.31,-0.31, 0.00, 1.00, 0.00, 0.00
-1.33,-0.77, 0.31,-0.31, 0.00, 1.00, 0.00, 0.00
-1.35,-0.76, 0.31,-0.31, 0.00, 1.00, 0.00, 0.00
-1.36,-0.76, 0.31,-0.31, 0.00, 0.00, 0.00, 0.00
-1.37,-0.75, 0.31,-0.30, 0.00, 0.00, 0.00, 0.00
-1.39,-0.75, 0.31,-0.30, 0.00, 0.00, 0.00, 0.00
-1.39,-0.74, 0.31,-0.30, 0.00, 0.00, 0.00, 0.00
-1.40,-0.74, 0.31,-0.31, 0.00, 0.00, 0.00, 0.00
-1.42,-0.74, 0.31,-0.31, 0.00, 0.00, 0.00, 0.00
-1.43,-0.73, 0.31,-0.30, 0.00, 0.00, 0.00, 0.00
-1.44,-0.73, 0.31,-0.31, 0.00, 0.00, 0.00, 0.00
-1.46,-0.72, 0.31,-0.31, 0.00, 0.00, 0.00, 0.00
-1.47,-0.72, 0.31,-0.30, 0.00, 0.00, 0.00, 0.00
-1.48,-0.71, 0.31,-0.29, 0.00, 0.00, 0.00, 0.00
-1.49,-0.71, 0.31,-0.30, 0.00, 0.00, 0.00, 0.00
-1.51,-0.70, 0.30,-0.30, 0.00, 0.00, 0.00, 0.00
-1.53,-0.70, 0.30,-0.32, 0.00, 0.00, 0.00, 0.00
-1.53,-0.69, 0.30,-0.31, 0.00, 0.00, 0.00, 0.00
-1.54,-0.69, 0.30,-0.33, 0.00, 0.00, 0.00, 0.00
-1.55,-0.69, 0.30,-0.32, 0.00, 0.00, 0.00, 0.00
 0.00, 0.00, 0.00, 0.00, 0.00, 0.00, 0.00, 0.00
-1.57,-0.69, 0.31, 2.40, 0.00, 0.00, 0.00, 0.00
-1.58,-0.68, 0.30,-0.32, 0.00, 0.00, 0.00, 0.00
-1.58,-0.67, 0.30,-0.30, 0.00, 0.00, 0.00, 0.00
-1.59,-0.67, 0.30,-0.30, 0.00, 0.00, 0.00, 0.00
-1.59,-0.67, 0.30,-0.30, 0.00, 0.00, 0.00, 0.00
-1.59,-0.67, 0.30,-0.30, 0.00, 0.00, 0.00, 0.00
-1.60,-0.66, 0.30,-0.32, 0.00, 0.00, 0.00, 0.00
-1.60,-0.66, 0.30,-0.30, 0.00, 0.00, 0.00, 0.00
-1.60,-0.66, 0.30,-0.32, 0.00, 0.00, 0.00, 0.00
-1.60,-0.66, 0.30,-0.32, 0.00, 0.00, 0.00, 0.00
-1.60,-0.66, 0.30,-0.31, 0.00, 0.00, 0.00, 0.00
-1.61,-0.66, 0.30,-0.30, 0.00, 0.00, 0.00, 0.00
-1.61,-0.66, 0.30,-0.30, 0.00, 0.00, 0.00, 0.00
-1.61,-0.65, 0.30,-0.29, 0.00, 0.00, 0.00, 0.00
-1.61,-0.65, 0.30,-0.30, 0.00, 0.00, 0.00, 0.00
-1.61,-0.65, 0.30,-0.30, 0.00, 0.00, 0.00, 0.00
-1.61,-0.65, 0.30,-0.30, 0.00, 0.00, 0.00, 0.00
-1.61,-0.65, 0.30,-0.31, 0.00, 0.00, 0.00, 0.00
-1.61,-0.65, 0.30,-0.31, 0.00, 0.00, 0.00, 0.00
-1.61,-0.65, 0.30,-0.30, 0.00, 0.00, 0.00, 0.00
-1.61,-0.65, 0.30,-0.30, 0.00, 0.00, 0.00, 0.00
 1.24,-4.40, 0.80, 0.91, 0.00, 0.00, 0.00, 0.00
-1.60,-0.65, 0.30,-0.30, 0.00, 0.00, 0.00, 0.00
-1.60,-0.64, 0.30,-0.30, 0.00, 0.00, 0.00, 0.00
-1.60,-0.64, 0.30,-0.29, 0.00, 0.00, 0.00, 0.00
-1.60,-0.64, 0.30,-0.29, 0.00, 0.00, 0.00, 0.00
-1.60,-0.64, 0.30,-0.28, 0.00, 0.00, 0.00, 0.00
-1.60,-0.64, 0.30,-0.31, 0.00, 0.00, 0.00, 0.00
-1.59,-0.64, 0.30,-0.31, 0.00, 0.00, 0.00, 0.00
-1.59,-0.64, 0.30,-0.28, 0.00, 0.00, 0.00, 0.00
-1.59,-0.64, 0.29,-0.44, 0.00, 0.00, 0.00, 0.00
-1.59,-0.64, 0.30,-0.27, 0.00, 0.00, 0.00, 0.00
-1.59,-0.64, 0.30,-0.27, 0.00, 0.00, 0.00, 0.00
-1.58,-0.64, 0.30,-0.30, 0.00, 0.00, 0.00, 0.00
-1.58,-0.64, 0.30,-0.28, 0.00, 0.00, 0.00, 0.00
-1.58,-0.64, 0.30,-0.28, 0.00, 0.00, 0.00, 0.00
-1.57,-0.64, 0.29,-0.30, 0.00, 0.00, 0.00, 0.00
-1.57,-0.64, 0.29,-0.30, 0.00, 0.00, 1.00, 0.00
-1.57,-0.64, 0.29,-0.29, 0.00, 0.00, 1.00, 0.00
-1.57,-0.64, 0.29,-0.29, 0.00, 0.00, 1.00, 0.00
-1.56,-0.64, 0.29,-0.30, 0.00, 0.00, 1.00, 0.00
-1.56,-0.64, 0.29,-0.30, 0.00, 0.00, 1.00, 0.00
-1.56,-0.63, 0.29,-0.30, 0.00, 0.00, 1.00, 0.00
-1.55,-0.63, 0.29,-0.29, 0.00, 0.00, 1.00, 0.00
-1.55,-0.63, 0.28,-0.30, 0.00, 0.00, 1.00, 0.00
-1.54,-0.63, 0.28,-0.31, 0.00, 0.00, 1.00, 0.00
-1.54,-0.63, 0.28,-0.29, 0.00, 0.00, 1.00, 0.00
-1.54,-0.63, 0.28,-0.30, 0.00, 0.00, 1.00, 0.00
-1.54,-0.63, 0.28,-0.27, 0.00, 0.00, 1.00, 0.00
-1.53,-0.63, 0.28,-0.26, 0.00, 0.00, 1.00, 0.00
-1.53,-0.63, 0.28,-0.20, 0.00, 0.00, 1.00, 0.00
-1.53,-0.63, 0.28,-0.17, 0.00, 0.00, 1.00, 0.00
-1.53,-0.63, 0.27,-0.11, 0.00, 0.00, 1.00, 0.00
-1.52,-0.63, 0.27,-0.03, 0.00, 0.00, 1.00, 0.00
-1.52,-0.63, 0.27, 0.00, 0.00, 0.00, 1.00, 0.00
-1.52,-0.63, 0.27, 0.08, 0.00, 0.00, 1.00, 0.00
-1.51,-0.63, 0.27, 0.12, 0.00, 0.00, 1.00, 0.00
-1.51,-0.63, 0.27, 0.22, 0.00, 0.00, 1.00, 0.00
-1.51,-0.63, 0.27, 0.25, 0.00, 0.00, 1.00, 0.00
-1.51,-0.62, 0.27, 0.31, 0.00, 0.00, 1.00, 0.00
-1.51,-0.62, 0.27, 0.37, 0.00, 0.00, 1.00, 0.00
-1.51,-0.62, 0.27, 0.46, 0.00, 0.00, 1.00, 0.00
-1.50,-0.62, 0.26, 0.50, 0.00, 0.00, 1.00, 0.00
-1.50,-0.62, 0.26, 0.56, 0.00, 0.00, 1.00, 0.00
-1.50,-0.62, 0.26, 0.62, 0.00, 0.00, 1.00, 0.00
-1.50,-0.62, 0.26, 0.67, 0.00, 0.00, 1.00, 0.00
-1.50,-0.62, 0.26, 0.75, 0.00, 0.00, 1.00, 0.00
-1.50,-0.62, 0.26, 0.80, 0.00, 0.00, 1.00, 0.00
-1.50,-0.62, 0.26, 0.87, 0.00, 0.00, 1.00, 0.00
-1.50,-0.62, 0.26, 0.90, 0.00, 0.00, 1.00, 0.00
-1.50,-0.62, 0.26, 0.98, 0.00, 0.00, 1.00, 0.00
-1.50,-0.62, 0.26, 1.04, 0.00, 0.00, 1.00, 0.00
-1.50,-0.62, 0.26, 1.10, 0.00, 0.00, 0.00, 0.00
-1.50,-0.62, 0.26, 1.17, 0.00, 0.00, 0.00, 0.00
-1.50,-0.62, 0.26, 1.22, 0.00, 0.00, 0.00, 0.00
-1.50,-0.62, 0.26, 1.29, 0.00, 0.00, 0.00, 0.00
-1.50,-0.62, 0.26, 1.33, 0.00, 0.00, 0.00, 0.00
-1.50,-0.62, 0.26, 1.38, 0.00, 0.00, 0.00, 0.00
-1.50,-0.62, 0.26, 1.42, 0.00, 0.00, 0.00, 0.00
-1.50,-0.62, 0.26, 1.43, 0.00, 0.00, 0.00, 0.00
-1.50,-0.63, 0.26, 1.47, 0.00, 0.00, 0.00, 0.00
-1.50,-0.63, 0.26, 1.49, 0.00, 0.00, 0.00, 1.00
-1.50,-0.63, 0.26, 1.50, 0.00, 0.00, 0.00, 1.00
-1.50,-0.63, 0.26, 1.52, 0.00, 0.00, 0.00, 1.00
-1.50,-0.63, 0.25, 1.49, 0.00, 0.00, 0.00, 1.00
-1.50,-0.63, 0.25, 1.51, 0.00, 0.00, 0.00, 1.00
-1.50,-0.63, 0.25, 1.50, 0.00, 0.00, 0.00, 1.00
-1.50,-0.63, 0.25, 1.50, 0.00, 0.00, 0.00, 1.00
-1.50,-0.63, 0.25, 1.50, 0.00, 0.00, 0.00, 1.00
-1.50,-0.63, 0.25, 1.50, 0.00, 0.00, 0.00, 1.00
-1.50,-0.63, 0.26, 1.51, 0.00, 0.00, 0.00, 1.00
-1.50,-0.63, 0.26, 1.51, 0.00, 0.00, 0.00, 1.00
-1.50,-0.63, 0.26, 1.51, 0.00, 0.00, 0.00, 1.00
-1.50,-0.63, 0.27, 1.51, 0.00, 0.00, 0.00, 1.00
-1.51,-0.64, 0.27, 1.49, 0.00, 0.00, 0.00, 1.00
-1.51,-0.64, 0.27, 1.50, 0.00, 0.00, 0.00, 1.00
-1.51,-0.64, 0.28, 1.52, 0.00, 0.00, 0.00, 1.00
-1.51,-0.64, 0.28, 1.52, 0.00, 0.00, 0.00, 1.00
-1.51,-0.64, 0.29, 1.49, 0.00, 0.00, 0.00, 0.00
-1.51,-0.64, 0.29, 1.51, 0.00, 0.00, 0.00, 0.00
-1.51,-0.64, 0.29, 1.51, 0.00, 0.00, 0.00, 0.00
-1.51,-0.64, 0.30, 1.51, 0.00, 0.00, 0.00, 0.00
-1.51,-0.64, 0.31, 1.50, 0.00, 0.00, 0.00, 0.00
-1.51,-0.64, 0.32, 1.51, 0.00, 0.00, 0.00, 0.00
-1.51,-0.64, 0.33, 1.51, 0.00, 0.00, 0.00, 0.00
-1.51,-0.64, 0.34, 1.52, 0.00, 0.00, 0.00, 0.00
-1.51,-0.64, 0.35, 1.52, 0.00, 0.00, 0.00, 0.00
-1.51,-0.64, 0.36, 1.51, 0.00, 0.00, 0.00, 0.00
-1.51,-0.64, 0.37, 1.51, 0.00, 0.00, 0.00, 0.00
-1.51,-0.64, 0.38, 1.51, 0.00, 0.00, 0.00, 0.00
-1.51,-0.64, 0.39, 1.51, 0.00, 0.00, 0.00, 1.00
-1.51,-0.64, 0.40, 1.51, 0.00, 0.00, 0.00, 1.00
-1.51,-0.64, 0.41, 1.51, 0.00, 0.00, 0.00, 1.00
-1.51,-0.64, 0.42, 1.51, 0.00, 0.00, 0.00, 1.00
-1.51,-0.64, 0.43, 1.51, 0.00, 0.00, 0.00, 1.00
-1.51,-0.64, 0.43, 1.52, 0.00, 0.00, 0.00, 1.00
-1.51,-0.64, 0.44, 1.51, 0.00, 0.00, 0.00, 1.00
-1.51,-0.64, 0.45, 1.50, 0.00, 0.00, 0.00, 1.00
-1.51,-0.64, 0.46, 1.52, 0.00, 0.00, 0.00, 1.00
-1.51,-0.64, 0.47, 1.52, 0.00, 0.00, 0.00, 1.00
-1.51,-0.64, 0.48, 1.52, 0.00, 0.00, 0.00, 1.00
-1.51,-0.64, 0.50, 1.51, 0.00, 0.00, 0.00, 1.00
-1.51,-0.64, 0.51, 1.50, 0.00, 0.00, 0.00, 1.00
-1.51,-0.64, 0.52, 1.51, 0.00, 0.00, 0.00, 1.00
-1.52,-0.64, 0.55, 1.52, 0.00, 0.00, 0.00, 1.00
-1.52,-0.64, 0.56, 1.50, 0.00, 0.00, 0.00, 1.00
-1.52,-0.64, 0.57, 1.53, 0.00, 0.00, 0.00, 1.00
-1.52,-0.64, 0.60, 1.51, 0.00, 0.00, 0.00, 1.00
-1.52,-0.64, 0.61, 1.51, 0.00, 0.00, 0.00, 0.00
-1.52,-0.64, 0.63, 1.51, 0.00, 0.00, 0.00, 0.00
-1.52,-0.64, 0.65, 1.50, 0.00, 0.00, 0.00, 0.00
-1.52,-0.64, 0.68, 1.51, 0.00, 0.00, 0.00, 0.00
-1.52,-0.64, 0.71, 1.50, 0.00, 0.00, 0.00, 0.00
-1.52,-0.64, 0.73, 1.50, 0.00, 0.00, 0.00, 0.00
-1.52,-0.64, 0.76, 1.52, 0.00, 0.00, 0.00, 0.00
-1.52,-0.64, 0.78, 1.52, 0.00, 0.00, 0.00, 0.00
-1.52,-0.64, 0.80, 1.53, 0.00, 0.00, 0.00, 0.00
-1.52,-0.64, 0.83, 1.54, 0.00, 0.00, 0.00, 0.00
-1.52,-0.64, 0.85, 1.53, 0.00, 0.00, 0.00, 0.00
-1.52,-0.64, 0.89, 1.53, 0.00, 0.00, 0.00, 0.00
-1.52,-0.64, 0.91, 1.53, 0.00, 0.00, 0.00, 0.00
-1.52,-0.64, 0.93, 1.52, 0.00, 0.00, 0.00, 0.00
-1.52,-0.64, 0.96, 1.52, 0.00, 0.00, 0.00, 0.00
-1.52,-0.64, 0.98, 1.53, 0.00, 0.00, 0.00, 0.00
-1.52,-0.64, 1.01, 1.53, 0.00, 0.00, 0.00, 0.00
-1.52,-0.64, 1.04, 1.50, 0.00, 0.00, 0.00, 0.00
-1.52,-0.64, 1.06, 1.51, 0.00, 0.00, 0.00, 0.00
-1.52,-0.64, 1.07, 1.52, 0.00, 0.00, 0.00, 0.00
-1.52,-0.64, 1.09, 1.53, 0.00, 0.00, 0.00, 0.00
-1.52,-0.64, 1.10, 1.53, 0.00, 0.00, 0.00, 0.00
-1.52,-0.64, 1.12, 1.54, 0.00, 0.00, 0.00, 0.00
-1.51,-0.64, 1.15, 1.53, 0.00, 0.00, 0.00, 0.00
-1.51,-0.64, 1.15, 1.53, 0.00, 0.00, 0.00, 0.00
-1.51,-0.65, 1.17, 1.53, 0.00, 0.00, 0.00, 0.00
-1.51,-0.64, 1.18, 1.51, 0.00, 0.00, 0.00, 0.00
-1.51,-0.65, 1.20, 1.52, 0.00, 0.00, 0.00, 0.00
-1.51,-0.65, 1.21, 1.52, 0.00, 0.00, 0.00, 0.00
-1.51,-0.65, 1.22, 1.52, 0.00, 0.00, 0.00, 0.00
-1.51,-0.65, 1.23, 1.50, 0.00, 0.00, 0.00, 0.00
-1.51,-0.65, 1.24, 1.52, 0.00, 0.00, 0.00, 0.00
-1.51,-0.65, 1.25, 1.50, 0.00, 0.00, 0.00, 0.00
-1.51,-0.65, 1.26, 1.50, 0.00, 0.00, 0.00, 0.00
-1.51,-0.65, 1.27, 1.51, 0.00, 1.00, 0.00, 0.00
-1.51,-0.65, 1.27, 1.50, 0.00, 1.00, 0.00, 0.00
-1.51,-0.65, 1.28, 1.51, 0.00, 1.00, 0.00, 0.00
-1.51,-0.65, 1.29, 1.51, 0.00, 1.00, 0.00, 0.00
-1.51,-0.65, 1.29, 1.50, 0.00, 1.00, 0.00, 0.00
-1.50,-0.65, 1.29, 1.45, 0.00, 1.00, 0.00, 0.00
-1.50,-0.65, 1.30, 1.52, 0.00, 1.00, 0.00, 0.00
-1.50,-0.65, 1.30, 1.51, 0.00, 1.00, 0.00, 0.00
-1.50,-0.65, 1.31, 1.50, 0.00, 1.00, 0.00, 0.00
-1.50,-0.65, 1.31, 1.50, 0.00, 1.00, 0.00, 0.00
-1.50,-0.65, 1.31, 1.51, 0.00, 1.00, 0.00, 0.00
-1.50,-0.65, 1.31, 1.50, 0.00, 1.00, 0.00, 0.00
-1.50,-0.65, 1.32, 1.52, 0.00, 1.00, 0.00, 0.00
-1.50,-0.66, 1.32, 1.52, 0.00, 1.00, 0.00, 0.00
-1.50,-0.66, 1.32, 1.51, 0.00, 1.00, 0.00, 0.00
-1.49,-0.66, 1.32, 1.52, 0.00, 1.00, 0.00, 0.00
-1.49,-0.66, 1.32, 1.52, 0.00, 1.00, 0.00, 0.00
-1.49,-0.67, 1.32, 1.51, 0.00, 1.00, 0.00, 0.00
-1.49,-0.68, 1.32, 1.52, 0.00, 1.00, 0.00, 0.00
-1.49,-0.68, 1.32, 1.52, 0.00, 1.00, 0.00, 0.00
-1.49,-0.69, 1.32, 1.52, 0.00, 1.00, 0.00, 0.00
-1.49,-0.69, 1.32, 1.51, 0.00, 1.00, 0.00, 0.00
-1.49,-0.71, 1.32, 1.52, 0.00, 1.00, 0.00, 0.00
-1.49,-0.71, 1.32, 1.52, 0.00, 1.00, 0.00, 0.00
-1.49,-0.73, 1.32, 1.52, 0.00, 1.00, 0.00, 0.00
-1.49,-0.74, 1.32, 1.52, 0.00, 0.00, 0.00, 0.00
-1.49,-0.75, 1.32, 1.52, 0.00, 0.00, 0.00, 0.00
-1.49,-0.76, 1.31, 1.52, 0.00, 0.00, 0.00, 0.00
-1.49,-0.78, 1.31, 1.53, 0.00, 0.00, 1.00, 0.00
-1.49,-0.79, 1.31, 1.53, 0.00, 0.00, 1.00, 0.00
-1.49,-0.81, 1.31, 1.53, 0.00, 0.00, 1.00, 0.00
-1.49,-0.83, 1.31, 1.53, 0.00, 0.00, 1.00, 0.00
-1.49,-0.84, 1.31, 1.52, 0.00, 0.00, 1.00, 0.00
-1.49,-0.86, 1.31, 1.52, 0.00, 0.00, 1.00, 0.00
-1.49,-0.88, 1.31, 1.52, 0.00, 0.00, 1.00, 0.00
-1.49,-0.90, 1.31, 1.53, 0.00, 0.00, 1.00, 0.00
-1.49,-0.92, 1.30, 1.55, 0.00, 0.00, 1.00, 0.00
-1.49,-0.94, 1.30, 1.57, 0.00, 0.00, 1.00, 0.00
-1.49,-0.97, 1.30, 1.63, 0.00, 0.00, 1.00, 0.00
-1.49,-0.98, 1.30, 1.66, 0.00, 0.00, 1.00, 0.00
-1.49,-1.02, 1.30, 1.75, 0.00, 0.00, 1.00, 0.00
-1.49,-1.04, 1.30, 1.80, 0.00, 0.00, 1.00, 0.00
-1.49,-1.05, 1.29, 1.82, 0.00, 0.00, 1.00, 0.00
-1.49,-1.07, 1.30, 1.88, 0.00, 0.00, 1.00, 0.00
-1.49,-1.08, 1.29, 1.92, 0.00, 0.00, 1.00, 0.00
-1.49,-1.10, 1.29, 1.98, 0.00, 0.00, 1.00, 0.00
-1.49,-1.12, 1.29, 2.06, 0.00, 0.00, 1.00, 0.00
-1.49,-1.14, 1.29, 2.13, 0.00, 0.00, 1.00, 0.00
-1.49,-1.15, 1.29, 2.16, 0.00, 0.00, 1.00, 0.00
-1.49,-1.16, 1.29, 2.22, 0.00, 0.00, 1.00, 0.00
-1.49,-1.17, 1.29, 2.29, 0.00, 0.00, 1.00, 0.00
-1.49,-1.18, 1.29, 2.35, 0.00, 0.00, 1.00, 0.00
-1.48,-1.19, 1.28, 2.40, 0.00, 0.00, 1.00, 0.00
-1.48,-1.20, 1.28, 2.46, 0.00, 0.00, 1.00, 0.00
-1.48,-1.20, 1.28, 2.54, 0.00, 0.00, 0.00, 0.00
-1.48,-1.21, 1.28, 2.56, 0.00, 0.00, 0.00, 0.00
-1.48,-1.22, 1.28, 2.76, 0.00, 0.00, 0.00, 0.00
-1.48,-1.22, 1.28, 2.75, 0.00, 0.00, 0.00, 0.00
-1.48,-1.22, 1.28, 2.80, 0.00, 0.00, 0.00, 0.00
-1.48,-1.23, 1.28, 2.84, 0.00, 0.00, 0.00, 0.00
-1.47,-1.23, 1.28, 2.87, 0.00, 0.00, 0.00, 0.00
-1.47,-1.24, 1.28, 2.92, 0.00, 0.00, 0.00, 0.00
-1.47,-1.24, 1.27, 2.94, 0.00, 0.00, 0.00, 0.00
-1.47,-1.24, 1.27, 2.97, 0.00, 0.00, 0.00, 0.00
-1.46,-1.25, 1.27, 2.98, 0.00, 0.00, 0.00, 0.00
-1.46,-1.25, 1.27, 2.98, 0.00, 0.00, 0.00, 0.00
-1.46,-1.25, 1.27, 2.99, 0.00, 0.00, 0.00, 0.00
-1.46,-1.25, 1.27, 2.97, 0.00, 0.00, 0.00, 0.00
-1.45,-1.25, 1.27, 2.99, 0.00, 0.00, 0.00, 0.00
-1.45,-1.25, 1.27, 3.00, 0.00, 0.00, 0.00, 0.00
-1.45,-1.26, 1.27, 3.01, 0.00, 0.00, 0.00, 0.00
-1.45,-1.26, 1.26, 3.00, 0.00, 0.00, 0.00, 0.00
-1.45,-1.26, 1.26, 3.01, 0.00, 0.00, 0.00, 0.00
-1.44,-1.26, 1.26, 3.03, 0.00, 0.00, 0.00, 0.00
-1.44,-1.26, 1.26, 3.01, 0.00, 0.00, 0.00, 0.00
-1.44,-1.26, 1.26, 3.01, 0.00, 0.00, 0.00, 0.00
-1.44,-1.27, 1.26, 3.01, 0.00, 1.00, 0.00, 0.00
-1.44,-1.27, 1.26, 3.01, 0.00, 1.00, 0.00, 0.00
-1.43,-1.27, 1.26, 3.00, 0.00, 1.00, 0.00, 0.00
-1.43,-1.27, 1.26, 3.00, 0.00, 1.00, 0.00, 0.00
-1.43,-1.27, 1.26, 3.01, 0.00, 1.00, 0.00, 0.00
-1.43,-1.27, 1.26, 2.99, 0.00, 1.00, 0.00, 0.00
-1.43,-1.27, 1.25, 3.00, 0.00, 1.00, 0.00, 0.00
-1.42,-1.27, 1.25, 3.00, 0.00, 1.00, 0.00, 0.00
-1.42,-1.27, 1.25, 2.99, 0.00, 1.00, 0.00, 0.00
-1.42,-1.27, 1.25, 3.01, 0.00, 1.00, 0.00, 0.00
-1.42,-1.27, 1.25, 3.00, 0.00, 1.00, 0.00, 0.00
-1.41,-1.27, 1.25, 2.99, 0.00, 1.00, 0.00, 0.00
-1.41,-1.28, 1.25, 2.98, 0.00, 1.00, 0.00, 0.00
-1.41,-1.28, 1.25, 2.97, 0.00, 1.00, 0.00, 0.00
-1.40,-1.28, 1.25, 2.98, 0.00, 1.00, 0.00, 0.00
-1.40,-1.28, 1.25, 2.98, 0.00, 1.00, 0.00, 0.00
-1.40,-1.28, 1.25, 2.98, 0.00, 1.00, 0.00, 0.00
-1.40,-1.28, 1.25, 2.98, 0.00, 1.00, 0.00, 0.00
-1.39,-1.28, 1.25, 3.00, 0.00, 1.00, 0.00, 0.00
-1.38,-1.28, 1.25, 3.00, 0.00, 1.00, 0.00, 0.00
-1.37,-1.28, 1.25, 2.98, 0.00, 1.00, 0.00, 0.00
-1.36,-1.29, 1.25, 2.98, 0.00, 1.00, 0.00, 0.00
-1.35,-1.29, 1.25, 2.97, 0.00, 1.00, 0.00, 0.00
-1.34,-1.29, 1.25, 2.98, 0.00, 1.00, 0.00, 0.00
-1.33,-1.29, 1.25, 2.98, 0.00, 1.00, 0.00, 0.00
-1.32,-1.29, 1.25, 2.98, 0.00, 1.00, 0.00, 0.00
-1.32,-1.29, 1.25, 2.98, 0.00, 1.00, 0.00, 0.00
-1.30,-1.30, 1.25, 2.98, 0.00, 1.00, 0.00, 0.00
-1.28,-1.30, 1.25, 3.01, 0.00, 1.00, 0.00, 0.00
-1.27,-1.30, 1.25, 3.00, 0.00, 1.00, 0.00, 0.00
-1.26,-1.30, 1.25, 3.00, 0.00, 1.00, 0.00, 0.00
-1.24,-1.30, 1.25, 3.01, 0.00, 1.00, 0.00, 0.00
-1.23,-1.30, 1.26, 3.01, 0.00, 1.00, 0.00, 0.00
-1.21,-1.31, 1.26, 3.01, 0.00, 1.00, 0.00, 0.00
-1.20,-1.31, 1.25, 3.01, 0.00, 1.00, 0.00, 0.00
-1.18,-1.31, 1.26, 3.01, 0.00, 1.00, 0.00, 0.00
-1.16,-1.31, 1.26, 3.01, 0.00, 1.00, 0.00, 0.00
-1.14,-1.32, 1.26, 3.01, 0.00, 1.00, 0.00, 0.00
-1.13,-1.32, 1.26, 2.99, 0.00, 1.00, 0.00, 0.00
-1.11,-1.32, 1.26, 2.99, 0.00, 1.00, 0.00, 0.00
-1.09,-1.33, 1.25, 2.98, 0.00, 1.00, 0.00, 0.00
-1.07,-1.33, 1.26, 3.00, 0.00, 1.00, 0.00, 0.00
-1.05,-1.33, 1.26, 3.00, 0.00, 1.00, 0.00, 0.00
-1.03,-1.33, 1.26, 3.02, 0.00, 1.00, 0.00, 0.00
-1.00,-1.34, 1.26, 3.00, 0.00, 1.00, 0.00, 0.00
-0.98,-1.34, 1.26, 3.00, 0.00, 1.00, 0.00, 0.00
-0.96,-1.34, 1.26, 3.00, 0.00, 1.00, 0.00, 0.00
-0.94,-1.34, 1.26, 3.00, 0.00, 1.00, 0.00, 0.00
-0.91,-1.35, 1.26, 3.00, 0.00, 1.00, 0.00, 0.00
-0.89,-1.35, 1.26, 3.00, 0.00, 1.00, 0.00, 0.00
-0.86,-1.35, 1.26, 3.01, 0.00, 1.00, 0.00, 0.00
-0.84,-1.36, 1.26, 3.00, 0.00, 1.00, 0.00, 0.00
-0.81,-1.36, 1.26, 2.99, 0.00, 1.00, 0.00, 0.00
-0.78,-1.36, 1.26, 2.99, 0.00, 1.00, 0.00, 0.00
-0.76,-1.37, 1.26, 3.00, 0.00, 1.00, 0.00, 0.00
-0.73,-1.37, 1.26, 3.00, 0.00, 1.00, 0.00, 0.00
-0.70,-1.37, 1.26, 3.00, 0.00, 1.00, 1.00, 0.00
-0.66,-1.38, 1.26, 3.00, 0.00, 1.00, 1.00, 0.00
-0.63,-1.38, 1.26, 2.99, 0.00, 1.00, 1.00, 0.00
-0.61,-1.38, 1.26, 3.00, 0.00, 1.00, 1.00, 0.00
-0.59,-1.39, 1.26, 3.01, 0.00, 1.00, 1.00, 0.00
-0.56,-1.39, 1.26, 3.00, 0.00, 1.00, 1.00, 0.00
-0.53,-1.39, 1.26, 3.03, 0.00, 1.00, 1.00, 0.00
-0.51,-1.40, 1.26, 3.06, 0.00, 1.00, 1.00, 0.00
-0.48,-1.40, 1.26, 3.12, 0.00, 1.00, 1.00, 0.00
-0.45,-1.40, 1.26,-3.12, 0.00, 1.00, 1.00, 0.00
-0.41,-1.41, 1.26,-3.05, 0.00, 1.00, 1.00, 0.00
-0.39,-1.41, 1.26,-3.03, 0.00, 1.00, 1.00, 0.00
-0.35,-1.42, 1.27,-2.95, 0.00, 1.00, 1.00, 0.00
-0.34,-1.42, 1.26,-2.92, 0.00, 1.00, 1.00, 0.00
-0.32,-1.42, 1.27,-2.85, 0.00, 1.00, 1.00, 0.00
-0.30,-1.42, 1.27,-2.82, 0.00, 1.00, 1.00, 0.00
-0.26,-1.42, 1.27,-2.76, 0.00, 1.00, 1.00, 0.00
-0.24,-1.43, 1.27,-2.72, 0.00, 1.00, 1.00, 0.00
-0.21,-1.43, 1.27,-2.64, 0.00, 1.00, 1.00, 0.00
-0.19,-1.43, 1.27,-2.58, 0.00, 1.00, 1.00, 0.00
-0.16,-1.43, 1.27,-2.52, 0.00, 1.00, 1.00, 0.00
-0.14,-1.43, 1.27,-2.52, 0.00, 1.00, 1.00, 0.00
-0.09,-1.43, 1.27,-2.37, 0.00, 1.00, 1.00, 0.00
-0.08,-1.43, 1.27,-2.34, 0.00, 1.00, 1.00, 0.00
-0.05,-1.43, 1.27,-2.29, 0.00, 1.00, 0.00, 0.00
-0.02,-1.43, 1.27,-2.20, 0.00, 1.00, 0.00, 0.00
 0.01,-1.43, 1.27,-2.13, 0.00, 1.00, 0.00, 0.00
 0.03,-1.43, 1.27,-2.06, 0.00, 1.00, 0.00, 0.00
 0.06,-1.43, 1.27,-2.02, 0.00, 1.00, 0.00, 0.00
 0.11,-1.42, 1.27,-1.92, 0.00, 1.00, 0.00, 0.00
 0.12,-1.42, 1.27,-1.90, 0.00, 1.00, 0.00, 0.00
 0.17,-1.41, 1.27,-1.84, 0.00, 1.00, 0.00, 0.00
 0.18,-1.41, 1.27,-1.82, 0.00, 1.00, 0.00, 0.00
 0.21,-1.40, 1.27,-1.79, 0.00, 1.00, 0.00, 0.00
 0.24,-1.39, 1.27,-1.76, 0.00, 1.00, 0.00, 0.00
 0.27,-1.39, 1.27,-1.76, 0.00, 1.00, 0.00, 0.00
 0.30,-1.38, 1.27,-1.73, 0.00, 1.00, 0.00, 0.00
 0.33,-1.37, 1.27,-1.73, 0.00, 0.00,-1.00, 0.00
 0.36,-1.36, 1.27,-1.73, 0.00, 0.00,-1.00, 0.00
 0.39,-1.34, 1.27,-1.71, 0.00, 0.00,-1.00, 0.00
 0.42,-1.33, 1.27,-1.72, 0.00, 0.00,-1.00, 0.00
 0.46,-1.31, 1.27,-1.72, 0.00, 0.00,-1.00, 0.00
 0.48,-1.31, 1.27,-1.73, 0.00, 0.00,-1.00, 0.00
 0.52,-1.29, 1.27,-1.75, 0.00, 0.00,-1.00, 0.00
 0.55,-1.27, 1.26,-1.79, 0.00, 0.00,-1.00, 0.00
 0.57,-1.26, 1.26,-1.79, 0.00, 0.00,-1.00, 0.00
 0.59,-1.25, 1.26,-1.84, 0.00, 0.00,-1.00, 0.00
 0.62,-1.23, 1.26,-1.87, 0.00, 0.00,-1.00, 0.00
 0.65,-1.21, 1.26,-1.88, 0.00, 0.00,-1.00, 0.00
 0.68,-1.20, 1.26,-1.91, 0.00, 0.00,-1.00, 0.00
 0.71,-1.18, 1.26,-1.92, 0.00, 0.00,-1.00, 0.00
 0.74,-1.16, 1.26,-1.93, 0.00, 0.00,-1.00, 0.00
 0.76,-1.14, 1.26,-1.93, 0.00, 0.00,-1.00, 0.00
 0.79,-1.12, 1.26,-1.94, 0.00, 0.00,-1.00, 0.00
 0.81,-1.11, 1.26,-1.95, 0.00, 0.00,-1.00, 0.00
 0.84,-1.09, 1.26,-1.96, 0.00, 0.00,-1.00, 0.00
 0.86,-1.07, 1.26,-2.01, 0.00, 0.00,-1.00, 0.00
 0.88,-1.06, 1.25,-2.05, 0.00, 0.00,-1.00, 0.00
 0.91,-1.04, 1.25,-2.10, 0.00, 0.00,-1.00, 0.00
 0.93,-1.03, 1.25,-2.16, 0.00, 0.00,-1.00, 0.00
 0.95,-1.01, 1.26,-2.22, 0.00, 0.00,-1.00, 0.00
 0.97,-1.00, 1.26,-2.29, 0.00, 0.00,-1.00, 0.00
 0.98,-0.99, 1.26,-2.35, 0.00, 0.00,-1.00, 0.00
 1.01,-0.97, 1.25,-2.42, 0.00, 0.00,-1.00, 0.00
 1.02,-0.97, 1.26,-2.46, 0.00, 0.00,-1.00, 0.00
 1.03,-0.95, 1.25,-2.54, 0.00, 0.00,-1.00, 0.00
 1.06,-0.94, 1.25,-2.61, 0.00, 0.00,-1.00, 0.00
 1.06,-0.93, 1.25,-2.66, 0.00, 0.00,-1.00, 0.00
 1.08,-0.93, 1.25,-2.69, 0.00, 0.00,-1.00, 0.00
 1.10,-0.91, 1.25,-2.80, 0.00, 0.00,-1.00, 0.00
 1.10,-0.91, 1.25,-2.84, 0.00, 0.00,-1.00, 0.00
 1.12,-0.90, 1.25,-2.91, 0.00, 0.00,-1.00, 0.00
 1.13,-0.90, 1.26,-2.93, 0.00, 0.00,-1.00, 0.00
 1.14,-0.89, 1.26,-3.01, 0.00, 0.00,-1.00, 0.00
 1.16,-0.88, 1.26,-3.14, 0.00, 0.00,-1.00, 0.00
 1.16,-0.88, 1.26, 3.13, 0.00, 0.00,-1.00, 0.00
 1.17,-0.88, 1.26, 3.06, 0.00, 0.00,-1.00, 0.00
 1.18,-0.87, 1.26, 2.97, 0.00, 0.00,-1.00, 0.00
 1.19,-0.87, 1.26, 2.92, 0.00, 0.00,-1.00, 0.00
 1.19,-0.87, 1.26, 2.85, 0.00, 0.00,-1.00, 0.00
 1.20,-0.87, 1.26, 2.80, 0.00, 0.00,-1.00, 0.00
 1.21,-0.86, 1.26, 2.75, 0.00, 0.00,-1.00, 0.00
 1.22,-0.86, 1.26, 2.64, 0.00, 0.00,-1.00, 0.00
 1.22,-0.86, 1.26, 2.52, 0.00, 0.00,-1.00, 0.00
 1.23,-0.86, 1.26, 2.54, 0.00, 0.00,-1.00, 0.00
 1.24,-0.86, 1.27, 2.47, 0.00, 0.00,-1.00, 0.00
 1.24,-0.86, 1.27, 2.46, 0.00, 0.00,-1.00, 0.00
 1.25,-0.85, 1.27, 2.31, 0.00, 0.00,-1.00, 0.00
 1.25,-0.85, 1.27, 2.28, 0.00, 0.00,-1.00, 0.00
 1.26,-0.85, 1.27, 2.22, 0.00, 0.00,-1.00, 0.00
 1.26,-0.85, 1.27, 2.16, 0.00, 0.00,-1.00, 0.00
 1.27,-0.85, 1.28, 2.12, 0.00, 0.00,-1.00, 0.00
 1.28,-0.85, 1.28, 2.02, 0.00, 0.00,-1.00, 0.00
 1.28,-0.85, 1.28, 1.97, 0.00, 0.00,-1.00, 0.00
 1.29,-0.85, 1.28, 1.82, 0.00, 0.00,-1.00, 0.00
 1.29,-0.85, 1.28, 1.80, 0.00, 0.00,-1.00, 0.00
 1.30,-0.85, 1.28, 1.70, 0.00, 0.00,-1.00, 0.00
 1.30,-0.85, 1.28, 1.64, 0.00, 0.00,-1.00, 0.00
 1.31,-0.84, 1.28, 1.61, 0.00, 0.00,-1.00, 0.00
 1.31,-0.85, 1.28, 1.61, 0.00, 0.00,-1.00, 0.00
 1.31,-0.84, 1.28, 1.54, 0.00, 0.00,-1.00, 0.00
 1.32,-0.84, 1.28, 1.53, 0.00, 0.00,-1.00, 0.00
 1.32,-0.84, 1.28, 1.53, 0.00, 0.00,-1.00, 0.00
 1.33,-0.84, 1.28, 1.53, 0.00, 0.00,-1.00, 0.00
 1.33,-0.84, 1.28, 1.54, 0.00, 0.00,-1.00, 0.00
 1.33,-0.84, 1.28, 1.51, 0.00, 0.00,-1.00, 0.00
 1.33,-0.84, 1.28, 1.53, 0.00, 0.00,-1.00, 0.00
 1.34,-0.84, 1.28, 1.53, 0.00, 0.00,-1.00, 0.00
 1.34,-0.84, 1.28, 1.54, 0.00, 0.00,-1.00, 0.00
 1.34,-0.84, 1.28, 1.54, 0.00, 0.00,-1.00, 0.00
 1.35,-0.84, 1.28, 1.53, 0.00, 0.00,-1.00, 0.00
 1.35,-0.84, 1.28, 1.52, 0.00, 0.00,-1.00, 0.00
 1.36,-0.84, 1.28, 1.49, 0.00, 0.00,-1.00, 0.00
 1.36,-0.84, 1.28, 1.47, 0.00, 0.00,-1.00, 0.00
 1.36,-0.84, 1.28, 1.45, 0.00, 0.00,-1.00, 0.00
 1.37,-0.84, 1.28, 1.40, 0.00, 0.00,-1.00, 0.00
 1.37,-0.84, 1.28, 1.36, 0.00, 0.00,-1.00, 0.00
 1.37,-0.84, 1.28, 1.30, 0.00, 0.00,-1.00, 0.00
 1.38,-0.84, 1.28, 1.25, 0.00, 0.00,-1.00, 0.00
 1.38,-0.84, 1.27, 1.20, 0.00, 0.00,-1.00, 0.00
 1.38,-0.84, 1.27, 1.12, 0.00, 0.00,-1.00, 0.00
 1.39,-0.84, 1.27, 1.08, 0.00, 0.00,-1.00, 0.00
 1.39,-0.84, 1.27, 1.02, 0.00, 0.00,-1.00, 0.00
 1.39,-0.84, 1.27, 0.97, 0.00, 0.00,-1.00, 0.00
 1.39,-0.83, 1.27, 0.94, 0.00, 0.00, 0.00, 0.00
 1.40,-0.83, 1.27, 1.04, 0.00, 0.00, 0.00, 0.00
 1.40,-0.83, 1.26, 0.70, 0.00, 0.00, 0.00, 0.00
 1.40,-0.84, 1.26, 0.69, 0.00, 0.00, 0.00, 0.00
 1.41,-0.84, 1.26, 0.62, 0.00, 0.00, 0.00, 0.00
 1.41,-0.84, 1.26, 0.59, 0.00, 0.00, 0.00, 0.00
 1.41,-0.83, 1.26, 0.57, 0.00, 0.00, 0.00, 0.00
 1.41,-0.83, 1.26, 0.57, 0.00, 0.00, 0.00, 0.00
 1.41,-0.83, 1.26, 0.56, 0.00, 0.00, 0.00, 0.00
 1.41,-0.83, 1.26, 0.48, 0.00, 0.00, 0.00, 0.00
 1.42,-0.83, 1.26, 0.48, 0.00, 0.00, 0.00, 0.00
 1.42,-0.83, 1.26, 0.47, 0.00, 0.00, 0.00, 0.00
 1.42,-0.83, 1.26, 0.47, 0.00, 1.00, 0.00, 0.00
 1.42,-0.83, 1.26, 0.46, 0.00, 1.00, 0.00, 0.00
 1.42,-0.83, 1.26, 0.46, 0.00, 1.00, 0.00, 0.00
 1.42,-0.83, 1.26, 0.46, 0.00, 1.00, 0.00, 0.00
 1.42,-0.83, 1.26, 0.48, 0.00, 1.00, 0.00, 0.00
 1.43,-0.83, 1.26, 0.45, 0.00, 1.00, 0.00, 0.00
 1.43,-0.83, 1.26, 0.47, 0.00, 1.00, 0.00, 0.00
 1.43,-0.83, 1.26, 0.47, 0.00, 1.00, 0.00, 0.00
 1.43,-0.82, 1.27, 0.44, 0.00, 1.00, 0.00, 0.00
 1.43,-0.82, 1.27, 0.45, 0.00, 1.00, 0.00, 0.00
 1.43,-0.82, 1.27, 0.48, 0.00, 1.00, 0.00, 0.00
 1.43,-0.82, 1.27, 0.46, 0.00, 1.00, 0.00, 0.00
 1.43,-0.82, 1.27, 0.46, 0.00, 1.00, 0.00, 0.00
 1.43,-0.82, 1.27, 0.46, 0.00, 1.00, 0.00, 0.00
 1.44,-0.82, 1.27, 0.47, 0.00, 1.00, 0.00, 0.00
 1.43,-0.82, 1.27, 0.47, 0.00, 1.00, 0.00, 0.00
 1.44,-0.82, 1.27, 0.47, 0.00, 1.00, 0.00, 0.00
 1.44,-0.82, 1.27, 0.46, 0.00, 1.00, 0.00, 0.00
 1.44,-0.81, 1.27, 0.46, 0.00, 1.00, 0.00, 0.00
 1.44,-0.81, 1.27, 0.47, 0.00, 1.00, 0.00, 0.00
 1.44,-0.81, 1.27, 0.47, 0.00, 1.00, 0.00, 0.00
 1.44,-0.81, 1.27, 0.46, 0.00, 1.00, 0.00, 0.00
 1.44,-0.81, 1.27, 0.48, 0.00, 1.00, 0.00, 0.00
 1.44,-0.81, 1.27, 0.48, 0.00, 1.00,-1.00, 0.00
 1.44,-0.81, 1.27, 0.47, 0.00, 1.00,-1.00, 0.00
 1.44,-0.81, 1.27, 0.46, 0.00, 1.00,-1.00, 0.00
 1.44,-0.81, 1.28, 0.46, 0.00, 1.00,-1.00, 0.00
 1.44,-0.80, 1.28, 0.48, 0.00, 1.00,-1.00, 0.00
 1.44,-0.80, 1.28, 0.48, 0.00, 1.00,-1.00, 0.00
 1.44,-0.80, 1.28, 0.46, 0.00, 1.00,-1.00, 0.00
 1.44,-0.80, 1.28, 0.45, 0.00, 1.00,-1.00, 0.00
 1.44,-0.80, 1.28, 0.45, 0.00, 1.00,-1.00, 0.00
 1.44,-0.80, 1.28, 0.45, 0.00, 1.00, 0.00, 0.00
 1.44,-0.80, 1.28, 0.45, 0.00, 1.00, 0.00, 0.00
 1.44,-0.79, 1.28, 0.47, 0.00, 1.00, 0.00, 0.00
 1.44,-0.79, 1.28, 0.44, 0.00, 1.00, 0.00, 0.00
 1.44,-0.79, 1.28, 0.40, 0.00, 1.00, 0.00, 0.00
 1.44,-0.79, 1.28, 0.34, 0.00, 0.00, 0.00, 0.00
 1.44,-0.79, 1.28, 0.28, 0.00, 0.00, 0.00, 0.00
 1.44,-0.79, 1.28, 0.27, 0.00, 0.00, 0.00, 0.00
 1.44,-0.79, 1.28, 0.28, 0.00, 0.00, 0.00, 0.00
 1.44,-0.79, 1.27, 0.24, 0.00, 0.00, 0.00, 0.00
 1.44,-0.79, 1.28, 0.23, 0.00, 0.00, 0.00, 0.00
 1.43,-0.79, 1.27, 0.21, 0.00, 0.00, 0.00, 0.00
 1.43,-0.79, 1.27, 0.19, 0.00, 1.00, 0.00, 0.00
 1.43,-0.78, 1.27, 0.23, 0.00, 1.00, 0.00, 0.00
 1.43,-0.78, 1.27, 0.20, 0.00, 1.00, 0.00, 0.00
 1.43,-0.78, 1.27, 0.23, 0.00, 1.00, 0.00, 0.00
 1.42,-0.78, 1.27, 0.21, 0.00, 1.00, 0.00, 0.00
 1.42,-0.78, 1.27, 0.23, 0.00, 1.00, 0.00, 0.00
 1.42,-0.78, 1.27, 0.23, 0.00, 1.00, 0.00, 0.00
 1.41,-0.78, 1.27, 0.22, 0.00, 1.00, 0.00, 0.00
 1.41,-0.78, 1.27, 0.21, 0.00, 1.00, 0.00, 0.00
 1.41,-0.78, 1.27, 0.22, 0.00, 1.00, 0.00, 0.00
 1.41,-0.78, 1.27, 0.23, 0.00, 1.00, 0.00, 0.00
 1.40,-0.78, 1.27, 0.22, 0.00, 1.00, 0.00, 0.00
 1.40,-0.78, 1.27, 0.22, 0.00, 1.00, 0.00, 0.00
 1.40,-0.78, 1.27, 0.22, 0.00, 1.00, 0.00, 0.00
 1.39,-0.78, 1.27, 0.21, 0.00, 1.00, 0.00, 0.00
 1.39,-0.78, 1.27, 0.21, 0.00, 1.00, 0.00, 0.00
 1.39,-0.78, 1.27, 0.20, 0.00, 1.00, 0.00, 0.00
 1.38,-0.77, 1.27, 0.21, 0.00, 1.00, 0.00, 0.00
 1.38,-0.77, 1.27, 0.21, 0.00, 1.00, 0.00, 0.00
 1.37,-0.77, 1.27, 0.22, 0.00, 1.00, 0.00, 0.00
 1.37,-0.77, 1.27, 0.20, 0.00, 1.00, 0.00, 0.00
 1.36,-0.77, 1.27, 0.21, 0.00, 1.00, 0.00, 0.00
 1.36,-0.77, 1.27, 0.22, 0.00, 1.00, 0.00, 0.00
 1.35,-0.77, 1.27, 0.21, 0.00, 1.00, 0.00, 0.00
 1.35,-0.77, 1.27, 0.22, 0.00, 1.00, 0.00, 0.00
 1.34,-0.77, 1.27, 0.23, 0.00, 1.00, 0.00, 0.00
 1.34,-0.77, 1.27, 0.23, 0.00, 1.00, 0.00, 0.00
 1.33,-0.77, 1.27, 0.22, 0.00, 1.00, 0.00, 0.00
 1.33,-0.77, 1.27, 0.20, 0.00, 1.00, 0.00, 0.00
 1.32,-0.77, 1.28, 0.22, 0.00, 1.00, 0.00, 0.00
 1.32,-0.77, 1.27, 0.20, 0.00, 1.00, 0.00, 0.00
 1.31,-0.76, 1.28, 0.21, 0.00, 1.00, 0.00, 0.00
 1.31,-0.76, 1.28, 0.20, 0.00, 1.00, 0.00, 0.00
 1.31,-0.76, 1.28, 0.21, 0.00, 1.00, 0.00, 0.00
 1.30,-0.76, 1.28, 0.22, 0.00, 1.00, 0.00, 0.00
 1.30,-0.76, 1.28, 0.22, 0.00, 1.00, 0.00, 0.00
 1.30,-0.76, 1.28, 0.21, 0.00, 1.00, 0.00, 0.00
 1.29,-0.76, 1.28, 0.24, 0.00, 1.00, 0.00, 0.00
 1.29,-0.76, 1.28, 0.25, 0.00, 1.00, 0.00, 0.00
 1.29,-0.76, 1.28, 0.21, 0.00, 1.00, 0.00, 0.00
 1.29,-0.75, 1.28, 0.23, 0.00, 1.00, 0.00, 0.00
 1.28,-0.75, 1.28, 0.23, 0.00, 1.00, 0.00, 0.00
 1.28,-0.75, 1.28, 0.24, 0.00, 1.00, 0.00, 0.00
 1.28,-0.75, 1.29, 0.23, 0.00, 1.00, 0.00, 0.00
 1.27,-0.75, 1.29, 0.22, 0.00, 1.00, 0.00, 0.00
 1.27,-0.75, 1.29, 0.32, 0.00, 1.00, 0.00, 0.00
 1.27,-0.75, 1.29, 0.23, 0.00, 1.00, 0.00, 0.00
 1.27,-0.75, 1.29, 0.24, 0.00, 1.00, 0.00, 0.00
 1.27,-0.74, 1.29, 0.23, 0.00, 1.00, 0.00, 0.00
 1.27,-0.74, 1.29, 0.27, 0.00, 1.00, 0.00, 0.00
 1.26,-0.74, 1.29, 0.28, 0.00, 1.00, 0.00, 0.00
 1.26,-0.74, 1.29, 0.23, 0.00, 1.00, 0.00, 0.00
 1.26,-0.74, 1.29, 0.25, 0.00, 1.00, 0.00, 0.00
 1.25,-0.74, 1.29, 0.24, 0.00, 1.00, 0.00, 0.00
 1.25,-0.74, 1.29, 0.26, 0.00, 1.00, 0.00, 0.00
 1.25,-0.74, 1.29, 0.26, 0.00, 1.00, 0.00, 0.00
 1.25,-0.74, 1.29, 0.23, 0.00, 1.00, 0.00, 0.00
 1.24,-0.74, 1.30, 0.23, 0.00, 1.00, 0.00, 0.00
 1.24,-0.74, 1.30, 0.21, 0.00, 1.00, 0.00, 0.00
 1.24,-0.74, 1.30, 0.24, 0.00, 1.00, 0.00, 0.00
 1.24,-0.74, 1.30, 0.23, 0.00, 1.00, 0.00, 0.00
 1.23,-0.73, 1.30, 0.22, 0.00, 1.00, 0.00, 0.00
 1.23,-0.73, 1.30, 0.22, 0.00, 1.00, 0.00, 0.00
 1.23,-0.73, 1.30, 0.21, 0.00, 1.00, 0.00, 0.00
 1.22,-0.73, 1.30, 0.19, 0.00, 1.00, 0.00, 0.00
 1.22,-0.73, 1.30, 0.21, 0.00, 1.00, 0.00, 0.00
 1.21,-0.73, 1.30, 0.21, 0.00, 1.00, 0.00, 0.00
 1.21,-0.73, 1.30, 0.22, 0.00, 1.00, 0.00, 0.00
 1.21,-0.73, 1.30, 0.21, 0.00, 1.00, 0.00, 0.00
 1.20,-0.73, 1.30, 0.22, 0.00, 1.00, 0.00, 0.00
 1.20,-0.73, 1.30, 0.22, 0.00, 1.00, 0.00, 0.00
 1.19,-0.73, 1.30, 0.22, 0.00, 1.00, 0.00, 0.00
 1.18,-0.73, 1.30, 0.22, 0.00, 1.00, 0.00, 0.00
 1.18,-0.73, 1.30, 0.23, 0.00, 1.00, 0.00, 0.00
 1.17,-0.73, 1.30, 0.22, 0.00, 1.00, 0.00, 0.00
 1.17,-0.73, 1.30, 0.22, 0.00, 1.00, 0.00, 0.00
 1.16,-0.73, 1.30, 0.24, 0.00, 1.00, 0.00, 0.00
 1.15,-0.73, 1.30, 0.25, 0.00, 1.00, 0.00, 0.00
 1.15,-0.73, 1.30, 0.22, 0.00, 1.00, 0.00, 0.00
 1.14,-0.73, 1.30, 0.24, 0.00, 1.00, 0.00, 0.00
 1.13,-0.73, 1.30, 0.22, 0.00, 1.00, 0.00, 0.00
 1.13,-0.73, 1.30, 0.22, 0.00, 1.00, 0.00, 0.00
 1.12,-0.73, 1.30, 0.22, 0.00, 1.00, 0.00, 0.00
 1.12,-0.73, 1.30, 0.22, 0.00, 1.00, 0.00, 0.00
 1.11,-0.73, 1.29, 0.23, 0.00, 1.00, 0.00, 0.00
 1.11,-0.72, 1.29, 0.24, 0.00, 1.00, 0.00, 0.00
 1.11,-0.72, 1.29, 0.25, 0.00, 1.00, 0.00, 0.00
 1.10,-0.73, 1.29, 0.21, 0.00, 1.00, 0.00, 0.00
 1.09,-0.73, 1.29, 0.21, 0.00, 1.00, 0.00, 0.00
 1.09,-0.73, 1.29, 0.24, 0.00, 1.00, 0.00, 0.00
 1.08,-0.73, 1.29, 0.23, 0.00, 1.00, 0.00, 0.00
 1.08,-0.73, 1.29, 0.23, 0.00, 1.00, 0.00, 0.00
 1.07,-0.73, 1.29, 0.22, 0.00, 1.00, 0.00, 0.00
 1.06,-0.73, 1.29, 0.22, 0.00, 1.00, 0.00, 0.00
 1.06,-0.73, 1.29, 0.20, 0.00, 1.00, 0.00, 0.00
 1.04,-0.73, 1.28, 0.21, 0.00, 1.00, 0.00, 0.00
 1.04,-0.73, 1.28, 0.23, 0.00, 1.00, 0.00, 0.00
 1.03,-0.73, 1.28, 0.22, 0.00, 1.00, 0.00, 0.00
 1.02,-0.73, 1.28, 0.22, 0.00, 1.00, 0.00, 0.00
 1.01,-0.73, 1.28, 0.20, 0.00, 1.00, 0.00, 0.00
 1.00,-0.73, 1.28, 0.22, 0.00, 1.00, 0.00, 0.00
 1.00,-0.73, 1.27, 0.21, 0.00, 1.00, 0.00, 0.00
 0.99,-0.74, 1.27, 0.21, 0.00, 1.00, 0.00, 0.00
 0.97,-0.74, 1.27, 0.21, 0.00, 1.00, 0.00, 0.00
 0.96,-0.74, 1.27, 0.22, 0.00, 1.00, 0.00, 0.00
 0.95,-0.74, 1.27, 0.21, 0.00, 1.00, 0.00, 0.00
 0.94,-0.74, 1.27, 0.22, 0.00, 1.00, 0.00, 0.00
 0.92,-0.74, 1.26, 0.21, 0.00, 1.00, 0.00, 0.00
 0.92,-0.75, 1.26, 0.20, 0.00, 1.00, 0.00, 0.00
 0.90,-0.75, 1.26, 0.22, 0.00, 1.00, 0.00, 0.00
 0.90,-0.75, 1.26, 0.23, 0.00, 1.00, 0.00, 0.00
 0.88,-0.75, 1.26, 0.22, 0.00, 1.00, 0.00, 0.00
 0.88,-0.75, 1.26, 0.22, 0.00, 1.00, 0.00, 0.00
 0.85,-0.76, 1.25, 0.22, 0.00, 1.00, 0.00, 0.00
 0.84,-0.76, 1.25, 0.22, 0.00, 1.00, 0.00, 0.00
 0.83,-0.76, 1.25, 0.22, 0.00, 1.00,-1.00, 0.00
 0.81,-0.77, 1.25, 0.22, 0.00, 1.00,-1.00, 0.00
 0.81,-0.77, 1.25, 0.22, 0.00, 1.00,-1.00, 0.00
 0.78,-0.78, 1.25, 0.21, 0.00, 1.00,-1.00, 0.00
 0.76,-0.78, 1.24, 0.21, 0.00, 1.00,-1.00, 0.00
 0.76,-0.78, 1.24, 0.21, 0.00, 1.00,-1.00, 0.00
 0.73,-0.79, 1.24, 0.21, 0.00, 1.00,-1.00, 0.00
 0.71,-0.79, 1.24, 0.21, 0.00, 1.00,-1.00, 0.00
 0.69,-0.80, 1.24, 0.21, 0.00, 1.00,-1.00, 0.00
 0.68,-0.80, 1.24, 0.21, 0.00, 1.00,-1.00, 0.00
 0.65,-0.81, 1.24, 0.21, 0.00, 1.00,-1.00, 0.00
 0.64,-0.81, 1.24, 0.21, 0.00, 1.00,-1.00, 0.00
 0.62,-0.82, 1.24, 0.20, 0.00, 1.00,-1.00, 0.00
 0.60,-0.82, 1.24, 0.20, 0.00, 1.00,-1.00, 0.00
 0.58,-0.83, 1.23, 0.18, 0.00, 1.00,-1.00, 0.00
 0.56,-0.83, 1.23, 0.17, 0.00, 1.00,-1.00, 0.00
 0.53,-0.84, 1.23, 0.18, 0.00, 1.00,-1.00, 0.00
 0.51,-0.84, 1.23, 0.19, 0.00, 1.00,-1.00, 0.00
 0.49,-0.85, 1.23, 0.21, 0.00, 1.00,-1.00, 0.00
 0.47,-0.85, 1.23, 0.21, 0.00, 1.00,-1.00, 0.00
 0.45,-0.85, 1.23, 0.12, 0.00, 1.00,-1.00, 0.00
 0.44,-0.86, 1.23, 0.20, 0.00, 1.00,-1.00, 0.00
 0.42,-0.86, 1.23, 0.21, 0.00, 1.00,-1.00, 0.00
 0.40,-0.86, 1.23, 0.18, 0.00, 1.00,-1.00, 0.00
 0.39,-0.87, 1.23, 0.20, 0.00, 1.00,-1.00, 0.00
 0.37,-0.87, 1.23, 0.20, 0.00, 1.00,-1.00, 0.00
 0.35,-0.87, 1.23, 0.22, 0.00, 1.00,-1.00, 0.00
 0.34,-0.87, 1.23, 0.20, 0.00, 1.00,-1.00, 0.00
 0.33,-0.88, 1.23, 0.20, 0.00, 1.00,-1.00, 0.00
 0.32,-0.88, 1.23, 0.21, 0.00, 1.00,-1.00, 0.00
 0.31,-0.88, 1.23, 0.21, 0.00, 1.00,-1.00, 0.00
 0.29,-0.87, 1.23, 0.63, 0.00, 1.00,-1.00, 0.00
 0.29,-0.88, 1.23, 0.19, 0.00, 1.00, 0.00, 0.00
 0.28,-0.88, 1.23, 0.22, 0.00, 1.00, 0.00, 0.00
 0.28,-0.88, 1.23, 0.22, 0.00, 1.00, 0.00, 0.00
 0.27,-0.88, 1.23, 0.22, 0.00, 1.00, 0.00, 0.00
 0.26,-0.88, 1.23, 0.21, 0.00, 1.00, 0.00, 0.00
 0.25,-0.88, 1.23, 0.30, 0.00, 1.00, 0.00, 0.00
 0.25,-0.89, 1.23, 0.15, 0.00, 1.00, 0.00, 0.00
 0.25,-0.89, 1.23, 0.14, 0.00, 1.00, 0.00, 0.00
 0.24,-0.89, 1.23, 0.11, 0.00, 1.00, 0.00, 0.00
 0.23,-0.89, 1.23, 0.11, 0.00, 1.00, 0.00, 0.00
 0.23,-0.89, 1.23, 0.09, 0.00, 1.00, 0.00, 0.00
 0.22,-0.89, 1.23, 0.09, 0.00, 0.00, 0.00, 0.00
 0.21,-0.89, 1.23, 0.08, 0.00, 0.00, 0.00, 0.00
 0.20,-0.89, 1.23, 0.08, 0.00, 1.00, 0.00, 0.00
 0.19,-0.89, 1.23, 0.07, 0.00, 1.00, 0.00, 0.00
 0.18,-0.89, 1.23, 0.07, 0.00, 1.00, 0.00, 0.00
 0.17,-0.90, 1.23, 0.05, 0.00, 1.00, 0.00, 0.00
 0.16,-0.90, 1.23, 0.04, 0.00, 1.00, 0.00, 0.00
 0.15,-0.90, 1.23, 0.06, 0.00, 1.00, 0.00, 0.00
 0.14,-0.90, 1.23, 0.05, 0.00, 1.00, 0.00, 0.00
 0.13,-0.90, 1.23, 0.07, 0.00, 1.00, 0.00, 0.00
 0.11,-0.90, 1.23, 0.06, 0.00, 1.00,-1.00, 0.00
 0.10,-0.90, 1.23, 0.07, 0.00, 1.00,-1.00, 0.00
 0.08,-0.91, 1.23, 0.06, 0.00, 1.00,-1.00, 0.00
 0.06,-0.91, 1.23, 0.07, 0.00, 1.00,-1.00, 0.00
 0.05,-0.91, 1.23, 0.07, 0.00, 1.00,-1.00, 0.00
 0.04,-0.91, 1.23, 0.07, 0.00, 1.00,-1.00, 0.00
 0.02,-0.91, 1.23, 0.05, 0.00, 1.00,-1.00, 0.00
 0.01,-0.91, 1.23, 0.04, 0.00, 1.00,-1.00, 0.00
-0.00,-0.91, 1.23, 0.05, 0.00, 1.00,-1.00, 0.00
-0.01,-0.91, 1.23, 0.04, 0.00, 1.00,-1.00, 0.00
-0.02,-0.92, 1.23, 0.04, 0.00, 1.00,-1.00, 0.00
-0.03,-0.92, 1.23, 0.04, 0.00, 1.00,-1.00, 0.00
-0.04,-0.92, 1.22, 0.04, 0.00, 1.00,-1.00, 0.00
-0.05,-0.92, 1.23, 0.08, 0.00, 1.00,-1.00, 0.00
-0.06,-0.92, 1.23, 0.09, 0.00, 1.00,-1.00, 0.00
-0.06,-0.92, 1.23, 0.09, 0.00, 1.00,-1.00, 0.00
-0.07,-0.92, 1.23, 0.04, 0.00, 1.00,-1.00, 0.00
-0.07,-0.92, 1.23, 0.04, 0.00, 1.00, 0.00, 0.00
-0.08,-0.92, 1.23, 0.04, 0.00, 1.00, 0.00, 0.00
-0.08,-0.92, 1.23, 0.02, 0.00, 1.00, 0.00, 0.00
-0.09,-0.92, 1.23, 0.09, 0.00, 1.00, 0.00, 0.00
-0.09,-0.92, 1.23, 0.05, 0.00, 1.00, 0.00, 0.00
-0.09,-0.92, 1.23, 0.03, 0.00, 1.00, 0.00, 0.00
-0.10,-0.92, 1.23, 0.06, 0.00, 1.00, 0.00, 0.00
-0.10,-0.92, 1.24, 0.02, 0.00, 1.00, 0.00, 0.00
-0.10,-0.92, 1.24, 0.03, 0.00, 1.00, 0.00, 0.00
-0.10,-0.92, 1.24, 0.04, 0.00, 1.00, 0.00, 0.00
-0.11,-0.92, 1.24, 0.04, 0.00, 1.00, 0.00, 0.00
-0.11,-0.92, 1.24, 0.05, 0.00, 1.00, 0.00, 0.00
-0.11,-0.93, 1.24, 0.04, 0.00, 1.00, 0.00, 0.00
-0.11,-0.92, 1.24, 0.05, 0.00, 1.00, 0.00, 0.00
-0.11,-0.93, 1.24, 0.02, 0.00, 1.00, 0.00, 0.00
-0.12,-0.93, 1.24, 0.03, 0.00, 1.00, 0.00, 0.00
-0.12,-0.93, 1.25, 0.04, 0.00, 1.00, 0.00, 0.00
-0.12,-0.93, 1.25, 0.02, 0.00, 1.00, 0.00, 0.00
-0.12,-0.93, 1.25, 0.03, 0.00, 1.00, 0.00, 0.00
-0.12,-0.93, 1.25, 0.04, 0.00, 1.00, 0.00, 0.00
-0.12,-0.93, 1.25, 0.04, 0.00, 1.00, 0.00, 0.00
-0.12,-0.93, 1.25, 0.03, 0.00, 1.00, 0.00, 0.00
-0.12,-0.93, 1.25, 0.06, 0.00, 1.00, 0.00, 0.00
-0.12,-0.93, 1.25, 0.02, 0.00, 1.00, 0.00, 0.00
-0.13,-0.93, 1.25, 0.04, 0.00, 1.00, 0.00, 0.00
-0.13,-0.93, 1.25, 0.03, 0.00, 1.00, 0.00, 0.00
-0.13,-0.93, 1.25, 0.03, 0.00, 1.00, 0.00, 0.00
-0.13,-0.93, 1.25, 0.01, 0.00, 1.00, 0.00, 0.00
-0.13,-0.93, 1.25, 0.01, 0.00, 1.00, 0.00, 0.00
-0.13,-0.93, 1.25,-0.03, 0.00, 1.00, 0.00, 0.00
-0.14,-0.93, 1.25,-0.10, 0.00, 1.00, 0.00, 0.00
-0.14,-0.93, 1.25,-0.10, 0.00, 1.00, 0.00, 0.00
-0.14,-0.93, 1.25,-0.16, 0.00, 1.00, 0.00, 0.00
-0.15,-0.93, 1.25,-0.20, 0.00, 1.00, 0.00, 0.00
-0.15,-0.93, 1.25,-0.25, 0.00, 1.00, 0.00, 0.00
-0.16,-0.93, 1.25,-0.32, 0.00, 1.00, 0.00, 0.00
-0.16,-0.93, 1.25,-0.33, 0.00, 1.00, 0.00, 0.00
-0.17,-0.93, 1.25,-0.38, 0.00, 1.00, 0.00, 0.00
-0.18,-0.93, 1.25,-0.40, 0.00, 1.00, 0.00, 0.00
-0.18,-0.93, 1.25,-0.40, 0.00, 1.00, 0.00, 0.00
-0.19,-0.93, 1.25,-0.41, 0.00, 1.00, 0.00, 0.00
-0.20,-0.93, 1.25,-0.42, 0.00, 1.00, 0.00, 0.00
-0.21,-0.93, 1.25,-0.42, 0.00, 1.00, 0.00, 0.00
-0.22,-0.93, 1.25,-0.42, 0.00, 1.00, 0.00, 0.00
-0.23,-0.93, 1.25,-0.43, 0.00, 1.00, 0.00, 0.00
-0.24,-0.93, 1.25,-0.44, 0.00, 1.00, 0.00, 0.00
-0.25,-0.92, 1.24,-0.43, 0.00, 1.00, 0.00, 0.00
-0.26,-0.92, 1.24,-0.44, 0.00, 1.00, 0.00, 0.00
-0.27,-0.92, 1.24,-0.45, 0.00, 1.00, 0.00, 0.00
-0.27,-0.92, 1.24,-0.43, 0.00, 1.00, 0.00, 0.00
-0.28,-0.92, 1.24,-0.41, 0.00, 1.00, 0.00, 0.00
-0.29,-0.92, 1.24,-0.44, 0.00, 1.00, 0.00, 0.00
-0.29,-0.92, 1.24,-0.45, 0.00, 1.00, 0.00, 0.00
-0.30,-0.92, 1.24,-0.47, 0.00, 1.00, 0.00, 0.00
-0.29,-0.93, 1.25,-3.00, 0.00, 1.00, 0.00, 0.00
-0.31,-0.92, 1.25,-0.45, 0.00, 1.00, 0.00, 0.00
-0.31,-0.92, 1.24,-0.45, 0.00, 1.00, 0.00, 0.00
-0.31,-0.92, 1.24,-0.45, 0.00, 1.00, 0.00, 0.00
-0.31,-0.92, 1.24,-0.46, 0.00, 1.00, 0.00, 0.00
-0.31,-0.92, 1.24,-0.46, 0.00, 1.00, 0.00, 0.00
-0.32,-0.92, 1.24,-0.47, 0.00, 1.00, 0.00, 0.00
-0.32,-0.92, 1.24,-0.46, 0.00, 1.00, 0.00, 0.00
-0.32,-0.92, 1.24,-0.46, 0.00, 1.00, 0.00, 0.00
-0.32,-0.92, 1.24,-0.45, 0.00, 1.00, 0.00, 0.00
-0.32,-0.92, 1.24,-0.47, 0.00, 1.00, 0.00, 0.00
-0.32,-0.92, 1.24,-0.46, 0.00, 1.00, 0.00, 0.00
-0.32,-0.92, 1.24,-0.48, 0.00, 1.00, 0.00, 0.00
-0.32,-0.92, 1.24,-0.49, 0.00, 1.00, 0.00, 0.00
-0.32,-0.92, 1.24,-0.49, 0.00, 1.00, 0.00, 0.00
-0.32,-0.92, 1.24,-0.48, 0.00, 1.00, 0.00, 0.00
-0.33,-0.92, 1.24,-0.49, 0.00, 1.00, 0.00, 0.00
-0.33,-0.92, 1.24,-0.50, 0.00, 1.00, 0.00, 0.00
-0.33,-0.92, 1.24,-0.50, 0.00, 1.00, 0.00, 0.00
-0.33,-0.92, 1.24,-0.50, 0.00, 1.00, 0.00, 0.00
-0.33,-0.92, 1.24,-0.51, 0.00, 1.00, 0.00, 0.00
-0.33,-0.92, 1.24,-0.49, 0.00, 1.00, 0.00, 0.00
-0.33,-0.92, 1.24,-0.47, 0.00, 1.00, 0.00, 0.00
-0.33,-0.92, 1.24,-0.52, 0.00, 1.00, 0.00, 0.00
-0.33,-0.92, 1.24,-0.51, 0.00, 1.00, 0.00, 0.00
-0.33,-0.92, 1.24,-0.52, 0.00, 1.00, 0.00, 0.00
-0.33,-0.92, 1.23,-0.50, 0.00, 1.00, 0.00, 0.00
-0.33,-0.92, 1.23,-0.52, 0.00, 1.00, 0.00, 0.00
-0.33,-0.92, 1.23,-0.53, 0.00, 1.00, 0.00, 0.00
-0.33,-0.92, 1.23,-0.53, 0.00, 1.00, 0.00, 0.00
-0.33,-0.92, 1.23,-0.54, 0.00, 1.00, 0.00, 0.00
-0.33,-0.92, 1.23,-0.53, 0.00, 1.00, 0.00, 0.00
-0.33,-0.92, 1.23,-0.53, 0.00, 1.00, 0.00, 0.00
-0.33,-0.92, 1.23,-0.53, 0.00, 1.00, 0.00, 0.00
-0.33,-0.92, 1.23,-0.54, 0.00, 1.00, 0.00, 0.00
-0.33,-0.92, 1.23,-0.54, 0.00, 1.00, 0.00, 0.00
-0.33,-0.92, 1.23,-0.55, 0.00, 1.00, 0.00, 0.00
-0.33,-0.92, 1.23,-0.55, 0.00, 1.00, 0.00, 0.00
-0.33,-0.92, 1.23,-0.55, 0.00, 1.00, 0.00, 0.00
-0.33,-0.92, 1.23,-0.54, 0.00, 1.00,-1.00, 0.00
-0.33,-0.92, 1.22,-0.54, 0.00, 1.00,-1.00, 0.00
-0.33,-0.92, 1.22,-0.54, 0.00, 1.00,-1.00, 0.00
-0.33,-0.92, 1.22,-0.54, 0.00, 1.00,-1.00, 0.00
-0.33,-0.91, 1.22,-0.51, 0.00, 1.00,-1.00, 0.00
-0.33,-0.91, 1.22,-0.54, 0.00, 1.00,-1.00, 0.00
-0.33,-0.91, 1.22,-0.54, 0.00, 1.00,-1.00, 0.00
-0.33,-0.91, 1.22,-0.55, 0.00, 1.00,-1.00, 0.00
-0.33,-0.91, 1.22,-0.53, 0.00, 1.00,-1.00, 0.00
-0.32,-0.91, 1.22,-0.54, 0.00, 1.00,-1.00, 0.00
-0.32,-0.91, 1.22,-0.55, 0.00, 1.00,-1.00, 0.00
-0.32,-0.91, 1.22,-0.55, 0.00, 1.00,-1.00, 0.00
-0.32,-0.91, 1.22,-0.54, 0.00, 1.00,-1.00, 0.00
-0.32,-0.91, 1.22,-0.54, 0.00, 1.00,-1.00, 0.00
-0.32,-0.91, 1.22,-0.54, 0.00, 1.00,-1.00, 0.00
-0.32,-0.91, 1.22,-0.54, 0.00, 1.00,-1.00, 0.00
-0.32,-0.91, 1.22,-0.53, 0.00, 1.00,-1.00, 0.00
-0.32,-0.91, 1.21,-0.53, 0.00, 1.00,-1.00, 0.00
-0.32,-0.91, 1.21,-0.53, 0.00, 1.00,-1.00, 0.00
-0.32,-0.91, 1.21,-0.54, 0.00, 1.00,-1.00, 0.00
-0.32,-0.91, 1.21,-0.54, 0.00, 1.00,-1.00, 0.00
-0.32,-0.91, 1.21,-0.54, 0.00, 1.00, 0.00, 0.00
-0.32,-0.91, 1.21,-0.54, 0.00, 1.00, 0.00, 0.00
-0.31,-0.91, 1.21,-0.55, 0.00, 1.00, 0.00, 0.00
-0.31,-0.91, 1.21,-0.54, 0.00, 1.00, 0.00, 0.00
-0.31,-0.91, 1.21,-0.54, 0.00, 0.00, 0.00, 0.00
-0.31,-0.91, 1.21,-0.54, 0.00, 0.00, 0.00, 0.00
-0.31,-0.91, 1.21,-0.55, 0.00, 0.00, 0.00, 0.00
-0.31,-0.91, 1.21,-0.55, 0.00, 0.00, 0.00, 0.00
-0.31,-0.91, 1.21,-0.54, 0.00, 0.00, 0.00, 0.00
-0.31,-0.91, 1.21,-0.54, 0.00, 0.00, 0.00, 0.00
-0.31,-0.90, 1.21,-0.55, 0.00, 0.00, 0.00, 0.00
-0.30,-0.90, 1.21,-0.54, 0.00, 0.00, 0.00, 0.00
-0.30,-0.90, 1.21,-0.54, 0.00, 0.00, 0.00, 0.00
-0.30,-0.90, 1.21,-0.53, 0.00, 0.00, 0.00, 0.00
-0.30,-0.90, 1.21,-0.52, 0.00, 0.00, 0.00, 0.00
-0.30,-0.90, 1.21,-0.54, 0.00, 0.00, 0.00, 0.00
-0.30,-0.90, 1.21,-0.54, 0.00, 0.00, 0.00, 0.00
-0.30,-0.90, 1.21,-0.54, 0.00, 0.00, 0.00, 0.00
-0.30,-0.90, 1.21,-0.53, 0.00, 0.00, 0.00, 0.00
-0.30,-0.90, 1.21,-0.53, 0.00, 0.00, 0.00, 0.00
-0.29,-0.90, 1.21,-0.54, 0.00, 0.00,-1.00, 0.00
-0.29,-0.90, 1.21,-0.54, 0.00, 0.00,-1.00, 0.00
-0.29,-0.90, 1.21,-0.54, 0.00, 0.00,-1.00, 0.00
-0.29,-0.90, 1.21,-0.54, 0.00, 0.00,-1.00, 0.00
-0.29,-0.90, 1.21,-0.54, 0.00, 0.00,-1.00, 0.00
-0.29,-0.90, 1.22,-0.54, 0.00, 0.00,-1.00, 0.00
-0.29,-0.90, 1.22,-0.54, 0.00, 0.00,-1.00, 0.00
-0.29,-0.90, 1.21,-0.53, 0.00, 0.00,-1.00, 0.00
-0.29,-0.90, 1.21,-0.51, 0.00, 0.00,-1.00, 0.00
-0.28,-0.90, 1.22,-0.53, 0.00, 0.00,-1.00, 0.00
-0.28,-0.90, 1.22,-0.54, 0.00, 0.00,-1.00, 0.00
-0.28,-0.90, 1.22,-0.54, 0.00, 0.00,-1.00, 0.00
-0.28,-0.90, 1.22,-0.54, 0.00, 0.00,-1.00, 0.00
-0.28,-0.90, 1.22,-0.54, 0.00, 0.00,-1.00, 0.00
-0.28,-0.90, 1.22,-0.51, 0.00, 0.00,-1.00, 0.00
-0.28,-0.90, 1.22,-0.53, 0.00, 0.00,-1.00, 0.00
-0.28,-0.90, 1.22,-0.53, 0.00, 0.00,-1.00, 0.00
-0.28,-0.90, 1.22,-0.53, 0.00, 0.00,-1.00, 0.00
-0.28,-0.90, 1.22,-0.55, 0.00, 0.00,-1.00, 0.00
-0.27,-0.90, 1.22,-0.53, 0.00, 0.00,-1.00, 0.00
-0.27,-0.90, 1.22,-0.53, 0.00, 0.00,-1.00, 0.00
-0.27,-0.90, 1.22,-0.52, 0.00, 0.00,-1.00, 0.00
-0.27,-0.90, 1.22,-0.53, 0.00, 0.00,-1.00, 0.00
-0.27,-0.90, 1.22,-0.52, 0.00, 0.00,-1.00, 0.00
-0.27,-0.90, 1.22,-0.53, 0.00, 0.00,-1.00, 0.00
-0.27,-0.90, 1.22,-0.53, 0.00, 0.00,-1.00, 0.00
-0.27,-0.90, 1.22,-0.53, 0.00, 0.00,-1.00, 0.00
-0.27,-0.90, 1.22,-0.52, 0.00, 0.00,-1.00, 0.00
-0.27,-0.90, 1.23,-0.54, 0.00, 0.00,-1.00, 0.00
-0.27,-0.90, 1.23,-0.53, 0.00, 0.00,-1.00, 0.00
-0.27,-0.90, 1.23,-0.55, 0.00, 0.00,-1.00, 0.00
-0.26,-0.90, 1.23,-0.54, 0.00, 0.00,-1.00, 0.00
-0.26,-0.90, 1.23,-0.54, 0.00, 0.00, 0.00, 0.00
-0.26,-0.90, 1.23,-0.54, 0.00, 0.00, 0.00, 0.00
-0.26,-0.90, 1.23,-0.54, 0.00, 0.00, 0.00, 0.00
-0.26,-0.90, 1.23,-0.54, 0.00, 0.00, 0.00, 0.00
-0.26,-0.90, 1.23,-0.54, 0.00, 0.00, 0.00, 0.00
-0.26,-0.90, 1.23,-0.54, 0.00, 0.00, 0.00, 0.00
-0.26,-0.90, 1.23,-0.54, 0.00, 0.00, 0.00, 0.00
-0.26,-0.90, 1.23,-0.53, 0.00, 0.00, 0.00, 0.00
-0.26,-0.90, 1.23,-0.52, 0.00, 0.00, 0.00, 0.00
-0.26,-0.90, 1.23,-0.53, 0.00, 0.00, 0.00, 0.00
-0.26,-0.90, 1.23,-0.53, 0.00, 0.00, 0.00, 0.00
-0.26,-0.90, 1.24,-0.53, 0.00, 0.00, 0.00, 0.00
-0.26,-0.90, 1.24,-0.54, 0.00, 0.00, 0.00, 0.00
-0.26,-0.90, 1.24,-0.53, 0.00, 1.00, 0.00, 0.00
-0.26,-0.90, 1.24,-0.53, 0.00, 1.00, 0.00, 0.00
-0.26,-0.90, 1.24,-0.52, 0.00, 1.00, 0.00, 0.00
-0.26,-0.90, 1.24,-0.54, 0.00, 1.00, 0.00, 0.00
-0.26,-0.90, 1.24,-0.53, 0.00, 1.00, 0.00, 0.00
-0.26,-0.90, 1.24,-0.53, 0.00, 1.00, 0.00, 0.00
-0.26,-0.90, 1.24,-0.54, 0.00, 1.00, 0.00, 0.00
-0.26,-0.90, 1.25,-0.54, 0.00, 1.00, 0.00, 0.00
-0.25,-0.90, 1.25,-0.54, 0.00, 1.00, 0.00, 0.00
-0.25,-0.90, 1.25,-0.52, 0.00, 1.00, 0.00, 0.00
-0.25,-0.90, 1.25,-0.54, 0.00, 1.00, 0.00, 0.00
-0.25,-0.90, 1.25,-0.53, 0.00, 1.00, 0.00, 0.00
-0.25,-0.90, 1.25,-0.54, 0.00, 1.00, 0.00, 0.00
-0.25,-0.90, 1.25,-0.54, 0.00, 1.00, 0.00, 0.00
-0.25,-0.90, 1.26,-0.55, 0.00, 1.00, 0.00, 0.00
-0.25,-0.90, 1.26,-0.52, 0.00, 1.00, 0.00, 0.00
-0.25,-0.91, 1.26,-0.52, 0.00, 1.00, 0.00, 0.00
-0.25,-0.91, 1.26,-0.53, 0.00, 1.00, 0.00, 0.00
-0.25,-0.91, 1.26,-0.52, 0.00, 1.00, 0.00, 0.00
-0.25,-0.91, 1.26,-0.53, 0.00, 1.00, 0.00, 0.00
-0.25,-0.91, 1.26,-0.53, 0.00, 1.00, 0.00, 0.00
-0.25,-0.91, 1.26,-0.52, 0.00, 1.00, 0.00, 0.00
-0.25,-0.91, 1.27,-0.54, 0.00, 1.00, 0.00, 0.00
-0.25,-0.91, 1.27,-0.53, 0.00, 1.00, 0.00, 0.00
-0.24,-0.91, 1.27,-0.54, 0.00, 1.00, 0.00, 0.00
-0.24,-0.91, 1.27,-0.53, 0.00, 1.00, 0.00, 0.00
-0.24,-0.91, 1.27,-0.53, 0.00, 1.00, 0.00, 0.00
-0.24,-0.91, 1.27,-0.53, 0.00, 1.00, 0.00, 0.00
-0.24,-0.91, 1.27,-0.53, 0.00, 1.00, 0.00, 0.00
-0.24,-0.91, 1.27,-0.52, 0.00, 1.00, 0.00, 0.00
-0.24,-0.91, 1.28,-0.53, 0.00, 1.00, 0.00, 0.00
-0.24,-0.91, 1.28,-0.54, 0.00, 1.00, 0.00, 0.00
-0.24,-0.91, 1.28,-0.54, 0.00, 1.00, 0.00, 0.00
-0.24,-0.91, 1.28,-0.53, 0.00, 1.00, 0.00, 0.00
-0.24,-0.91, 1.28,-0.55, 0.00, 1.00, 0.00, 0.00
-0.24,-0.92, 1.28,-0.54, 0.00, 1.00, 0.00, 0.00
-0.24,-0.92, 1.28,-0.54, 0.00, 1.00, 0.00, 0.00
-0.24,-0.92, 1.28,-0.53, 0.00, 1.00, 0.00, 0.00
-0.24,-0.92, 1.28,-0.54, 0.00, 1.00, 0.00, 0.00
-0.24,-0.92, 1.28,-0.54, 0.00, 1.00, 0.00, 0.00
-0.24,-0.92, 1.28,-0.55, 0.00, 1.00, 0.00, 0.00
-0.24,-0.92, 1.28,-0.54, 0.00, 1.00, 0.00, 0.00
-0.24,-0.92, 1.28,-0.54, 0.00, 1.00, 0.00, 0.00
-0.24,-0.92, 1.28,-0.53, 0.00, 1.00, 0.00, 0.00
-0.24,-0.92, 1.28,-0.54, 0.00, 1.00, 0.00, 0.00
-0.24,-0.92, 1.28,-0.54, 0.00, 1.00, 0.00, 0.00
-0.24,-0.92, 1.28,-0.52, 0.00, 1.00, 0.00, 0.00
-0.24,-0.92, 1.28,-0.52, 0.00, 1.00, 0.00, 0.00
-0.24,-0.92, 1.28,-0.52, 0.00, 1.00, 0.00, 0.00
-0.24,-0.92, 1.28,-0.51, 0.00, 1.00, 0.00, 0.00
-0.24,-0.92, 1.28,-0.51, 0.00, 1.00, 0.00, 0.00
-0.24,-0.92, 1.28,-0.53, 0.00, 1.00, 0.00, 0.00
-0.24,-0.92, 1.28,-0.52, 0.00, 1.00, 0.00, 0.00
-0.24,-0.92, 1.28,-0.53, 0.00, 1.00, 0.00, 0.00
-0.24,-0.92, 1.28,-0.53, 0.00, 1.00, 0.00, 0.00
-0.24,-0.92, 1.28,-0.54, 0.00, 1.00, 0.00, 0.00
-0.24,-0.92, 1.28,-0.54, 0.00, 1.00, 0.00, 0.00
-0.24,-0.92, 1.28,-0.54, 0.00, 1.00, 0.00, 0.00
-0.24,-0.92, 1.28,-0.53, 0.00, 0.00, 0.00, 0.00
-0.24,-0.92, 1.28,-0.52, 0.00, 0.00, 0.00, 0.00
-0.24,-0.92, 1.28,-0.52, 0.00, 0.00, 0.00, 0.00
-0.24,-0.92, 1.28,-0.50, 0.00, 0.00, 0.00, 0.00
-0.24,-0.92, 1.28,-0.52, 0.00, 0.00, 0.00, 0.00
-0.24,-0.92, 1.28,-0.53, 0.00, 1.00, 0.00, 0.00
-0.24,-0.92, 1.28,-0.54, 0.00, 1.00, 0.00, 0.00
-0.24,-0.92, 1.28,-0.53, 0.00, 1.00, 0.00, 0.00
-0.24,-0.92, 1.28,-0.53, 0.00, 1.00, 0.00, 0.00
-0.24,-0.92, 1.28,-0.54, 0.00, 0.00, 0.00, 0.00
-0.24,-0.92, 1.28,-0.55, 0.00, 0.00, 0.00, 0.00
-0.24,-0.92, 1.27,-0.53, 0.00, 0.00, 0.00, 0.00
-0.24,-0.92, 1.27,-0.52, 0.00, 0.00, 0.00, 0.00
-0.24,-0.92, 1.27,-0.52, 0.00, 1.00, 0.00, 0.00
-0.24,-0.92, 1.27,-0.54, 0.00, 1.00, 0.00, 0.00
-0.24,-0.92, 1.27,-0.55, 0.00, 1.00, 0.00, 0.00
-0.24,-0.92, 1.27,-0.51, 0.00, 1.00, 0.00, 0.00
-0.24,-0.92, 1.27,-0.51, 0.00, 1.00, 0.00, 0.00
-0.24,-0.92, 1.27,-0.54, 0.00, 0.00, 0.00, 0.00
-0.24,-0.92, 1.27,-0.51, 0.00, 0.00, 0.00, 0.00
-0.24,-0.92, 1.27,-0.51, 0.00, 0.00, 0.00, 0.00
-0.24,-0.92, 1.27,-0.54, 0.00, 1.00, 0.00, 0.00
-0.24,-0.92, 1.26,-0.54, 0.00, 1.00, 0.00, 0.00
-0.24,-0.92, 1.26,-0.54, 0.00, 1.00, 0.00, 0.00
-0.24,-0.92, 1.26,-0.52, 0.00, 1.00, 0.00, 0.00
-0.24,-0.92, 1.26,-0.54, 0.00, 1.00, 0.00, 0.00
-0.24,-0.92, 1.26,-0.53, 0.00, 0.00, 0.00, 0.00
-0.24,-0.92, 1.26,-0.53, 0.00, 0.00, 0.00, 0.00
-0.24,-0.92, 1.26,-0.54, 0.00, 0.00, 0.00, 0.00
-0.24,-0.92, 1.26,-0.53, 0.00, 1.00, 0.00, 0.00
-0.24,-0.92, 1.26,-0.53, 0.00, 1.00, 0.00, 0.00
-0.24,-0.92, 1.25,-0.53, 0.00, 1.00, 0.00, 0.00
-0.24,-0.92, 1.25,-0.52, 0.00, 1.00, 0.00, 0.00
-0.24,-0.92, 1.25,-0.54, 0.00, 1.00, 0.00, 0.00
-0.24,-0.92, 1.25,-0.51, 0.00, 1.00, 0.00, 0.00
-0.24,-0.92, 1.25,-0.53, 0.00, 1.00, 0.00, 0.00
-0.24,-0.92, 1.25,-0.52, 0.00, 1.00, 0.00, 0.00
-0.24,-0.92, 1.25,-0.54, 0.00, 1.00, 0.00, 0.00
-0.24,-0.92, 1.25,-0.51, 0.00, 1.00, 0.00, 0.00
-0.24,-0.92, 1.25,-0.53, 0.00, 1.00, 0.00, 0.00
-0.24,-0.92, 1.25,-0.53, 0.00, 1.00, 0.00, 0.00
-0.24,-0.92, 1.24,-0.53, 0.00, 1.00, 0.00, 0.00
-0.24,-0.92, 1.24,-0.54, 0.00, 1.00, 0.00, 0.00
-0.24,-0.92, 1.24,-0.53, 0.00, 1.00, 0.00, 0.00
-0.24,-0.92, 1.24,-0.53, 0.00, 1.00, 0.00, 0.00
-0.24,-0.92, 1.24,-0.53, 0.00, 1.00, 0.00, 0.00
-0.25,-0.92, 1.24,-0.54, 0.00, 1.00, 0.00, 0.00
-0.25,-0.92, 1.24,-0.53, 0.00, 0.00, 0.00, 0.00
-0.25,-0.92, 1.24,-0.53, 0.00, 0.00, 0.00, 0.00
-0.25,-0.92, 1.24,-0.54, 0.00, 0.00, 0.00, 0.00
-0.25,-0.92, 1.24,-0.54, 0.00, 1.00, 0.00, 0.00
-0.25,-0.92, 1.24,-0.54, 0.00, 1.00, 0.00, 0.00
-0.25,-0.92, 1.24,-0.52, 0.00, 1.00, 0.00, 0.00
-0.25,-0.92, 1.24,-0.54, 0.00, 1.00, 0.00, 0.00
-0.25,-0.92, 1.24,-0.53, 0.00, 1.00, 0.00, 0.00
-0.25,-0.92, 1.24,-0.51, 0.00, 0.00, 0.00, 0.00
-0.25,-0.92, 1.24,-0.53, 0.00, 0.00, 0.00, 0.00
-0.25,-0.92, 1.24,-0.54, 0.00, 0.00, 0.00, 0.00
-0.25,-0.92, 1.24,-0.54, 0.00, 0.00, 0.00, 0.00
-0.25,-0.92, 1.24,-0.54, 0.00, 1.00, 0.00, 0.00
-0.25,-0.92, 1.24,-0.54, 0.00, 1.00, 0.00, 0.00
-0.25,-0.92, 1.24,-0.54, 0.00, 1.00, 0.00, 0.00
-0.25,-0.92, 1.24,-0.54, 0.00, 1.00, 0.00, 0.00
-0.26,-0.92, 1.24,-0.54, 0.00, 0.00, 0.00, 0.00
-0.26,-0.92, 1.24,-0.53, 0.00, 0.00, 0.00, 0.00
-0.26,-0.92, 1.24,-0.53, 0.00, 0.00, 0.00, 0.00
-0.26,-0.92, 1.24,-0.54, 0.00, 0.00, 0.00, 0.00
-0.26,-0.92, 1.24,-0.54, 0.00, 1.00, 0.00, 0.00
-0.26,-0.92, 1.24,-0.54, 0.00, 1.00, 0.00, 0.00
-0.26,-0.92, 1.24,-0.55, 0.00, 1.00, 0.00, 0.00
-0.26,-0.92, 1.24,-0.54, 0.00, 1.00, 0.00, 0.00
-0.26,-0.92, 1.24,-0.54, 0.00, 1.00, 0.00, 0.00
-0.26,-0.92, 1.24,-0.54, 0.00, 0.00, 0.00, 0.00
-0.26,-0.92, 1.24,-0.54, 0.00, 0.00, 0.00, 0.00
-0.26,-0.92, 1.24,-0.54, 0.00, 1.00, 0.00, 0.00
-0.26,-0.92, 1.24,-0.54, 0.00, 1.00, 0.00, 0.00
-0.26,-0.92, 1.24,-0.54, 0.00, 1.00, 0.00, 0.00
-0.26,-0.92, 1.24,-0.53, 0.00, 1.00, 0.00, 0.00
-0.26,-0.92, 1.24,-0.54, 0.00, 1.00, 0.00, 0.00
-0.26,-0.92, 1.24,-0.54, 0.00, 1.00, 0.00, 0.00
-0.26,-0.92, 1.24,-0.54, 0.00, 1.00, 0.00, 0.00
-0.26,-0.92, 1.24,-0.54, 0.00, 1.00, 0.00, 0.00
-0.26,-0.92, 1.24,-0.53, 0.00, 1.00, 0.00, 0.00
-0.26,-0.92, 1.24,-0.54, 0.00, 1.00, 0.00, 0.00
-0.26,-0.92, 1.24,-0.54, 0.00, 1.00, 0.00, 0.00
-0.26,-0.92, 1.24,-0.54, 0.00, 1.00, 0.00, 0.00
-0.26,-0.92, 1.24,-0.54, 0.00, 1.00, 0.00, 0.00
-0.26,-0.92, 1.24,-0.55, 0.00, 1.00, 0.00, 0.00
-0.26,-0.92, 1.24,-0.53, 0.00, 1.00, 0.00, 0.00
-0.26,-0.93, 1.24,-0.53, 0.00, 1.00, 0.00, 0.00
-0.26,-0.93, 1.24,-0.54, 0.00, 1.00, 0.00, 0.00
-0.26,-0.93, 1.24,-0.53, 0.00, 1.00, 0.00, 0.00
-0.26,-0.93, 1.24,-0.53, 0.00, 1.00, 0.00, 0.00
-0.26,-0.93, 1.24,-0.54, 0.00, 1.00, 0.00, 0.00
-0.26,-0.93, 1.24,-0.54, 0.00, 1.00, 0.00, 0.00
-0.26,-0.93, 1.24,-0.54, 0.00, 1.00, 0.00, 0.00
-0.26,-0.93, 1.24,-0.54, 0.00, 1.00, 0.00, 0.00
-0.26,-0.93, 1.24,-0.53, 0.00, 1.00, 0.00, 0.00
-0.26,-0.93, 1.24,-0.54, 0.00, 1.00, 0.00, 0.00
-0.26,-0.93, 1.24,-0.53, 0.00, 1.00, 0.00, 0.00
-0.26,-0.93, 1.24,-0.53, 0.00, 1.00, 0.00, 0.00
-0.26,-0.93, 1.24,-0.54, 0.00, 1.00, 0.00, 0.00
-0.26,-0.93, 1.24,-0.54, 0.00, 1.00, 0.00, 0.00
-0.26,-0.94, 1.24,-0.54, 0.00, 1.00, 0.00, 0.00
-0.26,-0.94, 1.24,-0.54, 0.00, 1.00, 0.00, 0.00
-0.26,-0.94, 1.23,-0.53, 0.00, 1.00, 0.00, 0.00
-0.26,-0.94, 1.23,-0.53, 0.00, 1.00, 0.00, 0.00
-0.26,-0.94, 1.23,-0.53, 0.00, 1.00, 0.00, 0.00
-0.26,-0.94, 1.23,-0.54, 0.00, 1.00, 0.00, 0.00
-0.26,-0.94, 1.23,-0.53, 0.00, 1.00, 0.00, 0.00
-0.26,-0.94, 1.23,-0.54, 0.00, 1.00, 0.00, 0.00
-0.25,-0.94, 1.23,-0.52, 0.00, 1.00, 0.00, 0.00
-0.25,-0.94, 1.23,-0.53, 0.00, 1.00, 0.00, 0.00
-0.25,-0.94, 1.23,-0.54, 0.00, 1.00, 0.00, 0.00
-0.25,-0.94, 1.23,-0.54, 0.00, 1.00, 0.00, 0.00
-0.25,-0.94, 1.23,-0.54, 0.00, 1.00, 0.00, 0.00
-0.25,-0.94, 1.23,-0.54, 0.00, 1.00, 0.00, 0.00
-0.25,-0.94, 1.23,-0.54, 0.00, 1.00, 0.00, 0.00
-0.25,-0.95, 1.22,-0.53, 0.00, 1.00, 0.00, 0.00
-0.25,-0.95, 1.22,-0.53, 0.00, 1.00, 0.00, 0.00
-0.25,-0.95, 1.22,-0.54, 0.00, 1.00, 0.00, 0.00
-0.25,-0.95, 1.22,-0.54, 0.00, 1.00, 0.00, 0.00
-0.25,-0.95, 1.22,-0.54, 0.00, 1.00, 0.00, 0.00
-0.25,-0.95, 1.22,-0.53, 0.00, 1.00, 0.00, 0.00
-0.25,-0.95, 1.22,-0.53, 0.00, 1.00, 0.00, 0.00
-0.25,-0.95, 1.22,-0.53, 0.00, 1.00,-1.00, 0.00
-0.25,-0.95, 1.22,-0.54, 0.00, 1.00,-1.00, 0.00
-0.25,-0.95, 1.22,-0.54, 0.00, 1.00,-1.00, 0.00
-0.25,-0.95, 1.22,-0.54, 0.00, 1.00,-1.00, 0.00
-0.25,-0.95, 1.22,-0.53, 0.00, 1.00,-1.00, 0.00
-0.25,-0.95, 1.22,-0.53, 0.00, 1.00,-1.00, 0.00
-0.25,-0.95, 1.22,-0.54, 0.00, 1.00,-1.00, 0.00
-0.25,-0.95, 1.22,-0.53, 0.00, 1.00,-1.00, 0.00
-0.25,-0.95, 1.21,-0.53, 0.00, 1.00,-1.00, 0.00
-0.25,-0.95, 1.21,-0.54, 0.00, 1.00,-1.00, 0.00
-0.25,-0.95, 1.21,-0.52, 0.00, 1.00,-1.00, 0.00
-0.25,-0.95, 1.21,-0.54, 0.00, 1.00,-1.00, 0.00
-0.25,-0.95, 1.21,-0.54, 0.00, 1.00,-1.00, 0.00
-0.24,-0.95, 1.21,-0.53, 0.00, 1.00,-1.00, 0.00
-0.25,-0.95, 1.21,-0.54, 0.00, 1.00,-1.00, 0.00
-0.24,-0.95, 1.21,-0.53, 0.00, 1.00,-1.00, 0.00
-0.24,-0.95, 1.21,-0.52, 0.00, 1.00, 0.00, 0.00
-0.24,-0.95, 1.21,-0.52, 0.00, 1.00, 0.00, 0.00
-0.24,-0.95, 1.21,-0.54, 0.00, 1.00, 0.00, 0.00
-0.24,-0.95, 1.21,-0.54, 0.00, 1.00, 0.00, 0.00
-0.24,-0.95, 1.21,-0.53, 0.00, 0.00, 0.00, 0.00
-0.24,-0.95, 1.21,-0.53, 0.00, 0.00, 0.00, 0.00
-0.24,-0.95, 1.21,-0.54, 0.00, 0.00, 0.00, 0.00
-0.24,-0.96, 1.21,-0.54, 0.00, 0.00, 0.00, 0.00
-0.24,-0.96, 1.21,-0.54, 0.00, 0.00, 0.00, 0.00
-0.24,-0.96, 1.21,-0.54, 0.00, 0.00, 0.00, 0.00
-0.24,-0.96, 1.21,-0.54, 0.00, 0.00, 0.00, 0.00
-0.24,-0.96, 1.21,-0.54, 0.00, 0.00, 0.00, 0.00
-0.24,-0.96, 1.21,-0.54, 0.00, 0.00,-1.00, 0.00
-0.24,-0.96, 1.21,-0.54, 0.00, 0.00,-1.00, 0.00
-0.24,-0.96, 1.20,-0.54, 0.00, 0.00,-1.00, 0.00
-0.24,-0.96, 1.20,-0.53, 0.00, 0.00,-1.00, 0.00
-0.24,-0.96, 1.20,-0.53, 0.00, 0.00,-1.00, 0.00
-0.24,-0.96, 1.20,-0.53, 0.00, 0.00,-1.00, 0.00
-0.24,-0.96, 1.20,-0.53, 0.00, 0.00,-1.00, 0.00
-0.24,-0.96, 1.20,-0.53, 0.00, 0.00,-1.00, 0.00
-0.24,-0.96, 1.20,-0.54, 0.00, 0.00,-1.00, 0.00
-0.24,-0.96, 1.20,-0.54, 0.00, 0.00,-1.00, 0.00
-0.24,-0.96, 1.20,-0.54, 0.00, 0.00,-1.00, 0.00
-0.24,-0.96, 1.20,-0.54, 0.00, 0.00,-1.00, 0.00
-0.24,-0.96, 1.20,-0.53, 0.00, 0.00,-1.00, 0.00
-0.24,-0.96, 1.20,-0.54, 0.00, 0.00,-1.00, 0.00
-0.24,-0.96, 1.20,-0.53, 0.00, 0.00,-1.00, 0.00
-0.24,-0.96, 1.20,-0.53, 0.00, 0.00,-1.00, 0.00
-0.24,-0.96, 1.20,-0.53, 0.00, 0.00,-1.00, 0.00
-0.24,-0.96, 1.20,-0.52, 0.00, 0.00,-1.00, 0.00
-0.24,-0.96, 1.20,-0.53, 0.00, 0.00,-1.00, 0.00
-0.24,-0.96, 1.20,-0.53, 0.00, 0.00,-1.00, 0.00
-0.24,-0.96, 1.20,-0.54, 0.00, 0.00,-1.00, 0.00
-0.24,-0.96, 1.20,-0.53, 0.00, 0.00,-1.00, 0.00
-0.24,-0.96, 1.20,-0.53, 0.00, 0.00,-1.00, 0.00
-0.24,-0.96, 1.20,-0.52, 0.00, 0.00,-1.00, 0.00
-0.24,-0.96, 1.20,-0.53, 0.00, 0.00,-1.00, 0.00
-0.24,-0.96, 1.20,-0.53, 0.00, 0.00,-1.00, 0.00
-0.24,-0.96, 1.20,-0.53, 0.00, 0.00,-1.00, 0.00
-0.24,-0.96, 1.20,-0.53, 0.00, 0.00,-1.00, 0.00
-0.24,-0.96, 1.20,-0.53, 0.00, 0.00,-1.00, 0.00
-0.24,-0.96, 1.20,-0.53, 0.00,-1.00,-1.00, 0.00
-0.24,-0.95, 1.20,-0.53, 0.00,-1.00, 0.00, 0.00
-0.24,-0.95, 1.20,-0.53, 0.00,-1.00, 0.00, 0.00
-0.24,-0.95, 1.20,-0.54, 0.00,-1.00, 0.00, 0.00
-0.24,-0.95, 1.20,-0.54, 0.00,-1.00, 0.00, 0.00
-0.24,-0.95, 1.20,-0.54, 0.00,-1.00, 0.00, 0.00
-0.24,-0.95, 1.20,-0.54, 0.00,-1.00, 0.00, 0.00
-0.24,-0.95, 1.20,-0.53, 0.00,-1.00, 0.00, 0.00
-0.24,-0.95, 1.20,-0.54, 0.00,-1.00, 0.00, 0.00
-0.24,-0.95, 1.20,-0.54, 0.00,-1.00, 0.00, 0.00
-0.24,-0.95, 1.20,-0.53, 0.00,-1.00, 0.00, 0.00
-0.24,-0.95, 1.21,-0.53, 0.00,-1.00, 0.00, 0.00
-0.24,-0.95, 1.21,-0.54, 0.00,-1.00, 0.00, 0.00
-0.24,-0.95, 1.21,-0.54, 0.00,-1.00, 0.00, 0.00
-0.24,-0.95, 1.21,-0.53, 0.00,-1.00, 0.00, 0.00
-0.24,-0.95, 1.21,-0.51, 0.00,-1.00, 0.00, 0.00
-0.24,-0.95, 1.21,-0.52, 0.00,-1.00, 0.00, 0.00
-0.25,-0.95, 1.21,-0.53, 0.00,-1.00, 0.00, 0.00
-0.25,-0.95, 1.21,-0.54, 0.00,-1.00, 0.00, 0.00
-0.25,-0.95, 1.21,-0.52, 0.00,-1.00, 0.00, 0.00
-0.25,-0.95, 1.21,-0.53, 0.00,-1.00, 0.00, 0.00
-0.25,-0.95, 1.22,-0.53, 0.00,-1.00, 0.00, 0.00
-0.25,-0.95, 1.22,-0.53, 0.00,-1.00, 0.00, 0.00
-0.25,-0.95, 1.22,-0.53, 0.00,-1.00, 0.00, 0.00
-0.25,-0.95, 1.22,-0.52, 0.00,-1.00, 0.00, 0.00
-0.25,-0.95, 1.22,-0.53, 0.00,-1.00, 0.00, 0.00
-0.25,-0.95, 1.22,-0.54, 0.00,-1.00, 0.00, 0.00
-0.25,-0.95, 1.22,-0.52, 0.00,-1.00, 0.00, 0.00
-0.25,-0.95, 1.22,-0.53, 0.00,-1.00, 0.00, 0.00
-0.25,-0.95, 1.22,-0.52, 0.00,-1.00, 0.00, 0.00
-0.25,-0.95, 1.22,-0.54, 0.00,-1.00, 0.00, 0.00
-0.25,-0.95, 1.23,-0.53, 0.00,-1.00, 0.00, 0.00
-0.25,-0.95, 1.23,-0.53, 0.00,-1.00, 0.00, 0.00
-0.25,-0.95, 1.23,-0.53, 0.00,-1.00, 0.00, 0.00
-0.25,-0.95, 1.23,-0.53, 0.00,-1.00, 0.00, 0.00
-0.25,-0.95, 1.23,-0.54, 0.00,-1.00, 0.00, 0.00
-0.25,-0.95, 1.23,-0.53, 0.00,-1.00, 0.00, 0.00
-0.25,-0.95, 1.23,-0.54, 0.00,-1.00, 0.00, 0.00
-0.25,-0.96, 1.23,-0.54, 0.00,-1.00, 0.00, 0.00
-0.25,-0.96, 1.23,-0.53, 0.00,-1.00, 0.00, 0.00
-0.25,-0.96, 1.23,-0.52, 0.00,-1.00, 0.00, 0.00
-0.25,-0.96, 1.23,-0.53, 0.00,-1.00, 0.00, 0.00
-0.25,-0.96, 1.24,-0.53, 0.00,-1.00, 0.00, 0.00
-0.25,-0.96, 1.24,-0.53, 0.00,-1.00, 0.00, 0.00
-0.25,-0.96, 1.24,-0.52, 0.00,-1.00, 0.00, 0.00
-0.25,-0.96, 1.24,-0.53, 0.00,-1.00, 0.00, 0.00
-0.25,-0.96, 1.24,-0.52, 0.00,-1.00, 0.00, 0.00
-0.25,-0.96, 1.24,-0.53, 0.00,-1.00, 0.00, 0.00
-0.25,-0.96, 1.24,-0.52, 0.00,-1.00, 0.00, 0.00
-0.25,-0.96, 1.24,-0.54, 0.00,-1.00, 0.00, 0.00
-0.25,-0.96, 1.24,-0.53, 0.00,-1.00, 0.00, 0.00
-0.25,-0.96, 1.24,-0.54, 0.00,-1.00, 0.00, 0.00
-0.25,-0.96, 1.24,-0.54, 0.00,-1.00, 0.00, 0.00
-0.25,-0.96, 1.24,-0.54, 0.00,-1.00, 0.00, 0.00
-0.25,-0.96, 1.24,-0.54, 0.00,-1.00, 0.00, 0.00
-0.25,-0.96, 1.24,-0.54, 0.00,-1.00, 0.00, 0.00
-0.25,-0.96, 1.24,-0.54, 0.00,-1.00, 0.00, 0.00
-0.25,-0.96, 1.24,-0.52, 0.00,-1.00, 0.00, 0.00
-0.25,-0.96, 1.24,-0.49, 0.00,-1.00, 0.00, 0.00
-0.25,-0.96, 1.24,-0.51, 0.00,-1.00, 0.00, 0.00
-0.25,-0.96, 1.24,-0.50, 0.00,-1.00, 0.00, 0.00
-0.25,-0.96, 1.24,-0.54, 0.00,-1.00, 0.00, 0.00
-0.25,-0.96, 1.24,-0.53, 0.00,-1.00, 0.00, 0.00
-0.25,-0.96, 1.24,-0.52, 0.00,-1.00, 0.00, 0.00
-0.25,-0.96, 1.24,-0.52, 0.00,-1.00, 0.00, 0.00
-0.25,-0.96, 1.24,-0.53, 0.00,-1.00, 0.00, 0.00
-0.25,-0.96, 1.24,-0.53, 0.00,-1.00, 0.00, 0.00
-0.25,-0.96, 1.24,-0.53, 0.00,-1.00, 0.00, 0.00
-0.25,-0.96, 1.24,-0.51, 0.00,-1.00, 0.00, 0.00
-0.25,-0.97, 1.24,-0.53, 0.00,-1.00, 0.00, 0.00
-0.25,-0.97, 1.24,-0.53, 0.00,-1.00, 0.00, 0.00
-0.25,-0.97, 1.24,-0.54, 0.00,-1.00, 0.00, 0.00
-0.25,-0.97, 1.24,-0.54, 0.00,-1.00, 0.00, 0.00
-0.25,-0.97, 1.24,-0.53, 0.00,-1.00, 0.00, 0.00
-0.25,-0.97, 1.24,-0.53, 0.00,-1.00, 0.00, 0.00
-0.25,-0.97, 1.24,-0.54, 0.00,-1.00, 0.00, 0.00
-0.25,-0.97, 1.24,-0.53, 0.00,-1.00, 0.00, 0.00
-0.25,-0.97, 1.24,-0.53, 0.00,-1.00, 0.00, 0.00
-0.25,-0.97, 1.24,-0.53, 0.00,-1.00, 0.00, 0.00
-0.25,-0.97, 1.24,-0.54, 0.00,-1.00, 0.00, 0.00
-0.25,-0.97, 1.24,-0.54, 0.00,-1.00, 0.00, 0.00
-0.25,-0.97, 1.24,-0.53, 0.00,-1.00, 0.00, 0.00
-0.25,-0.97, 1.24,-0.53, 0.00,-1.00, 0.00, 0.00
-0.25,-0.97, 1.24,-0.53, 0.00,-1.00, 0.00, 0.00
-0.25,-0.97, 1.24,-0.53, 0.00,-1.00, 0.00, 0.00
-0.24,-0.98, 1.24,-0.53, 0.00,-1.00, 0.00, 0.00
-0.24,-0.98, 1.24,-0.52, 0.00,-1.00, 0.00, 0.00
-0.24,-0.98, 1.24,-0.53, 0.00,-1.00, 0.00, 0.00
-0.24,-0.98, 1.23,-0.54, 0.00,-1.00, 0.00, 0.00
-0.24,-0.98, 1.23,-0.53, 0.00,-1.00, 0.00, 0.00
-0.24,-0.98, 1.23,-0.53, 0.00,-1.00, 0.00, 0.00
-0.24,-0.98, 1.22,-0.52, 0.00, 0.00, 0.00, 0.00
-0.24,-0.98, 1.22,-0.52, 0.00, 0.00, 0.00, 0.00
-0.24,-0.98, 1.22,-0.52, 0.00, 0.00, 0.00, 0.00
-0.24,-0.98, 1.21,-0.52, 0.00, 0.00, 0.00, 0.00
-0.24,-0.98, 1.21,-0.54, 0.00, 0.00, 0.00, 0.00
-0.24,-0.98, 1.20,-0.54, 0.00, 0.00, 0.00, 0.00
-0.24,-0.98, 1.19,-0.54, 0.00, 0.00, 0.00, 0.00
-0.24,-0.98, 1.19,-0.54, 0.00, 0.00, 0.00, 0.00
-0.24,-0.98, 1.18,-0.53, 0.00, 0.00, 0.00, 0.00
-0.24,-0.98, 1.18,-0.53, 0.00, 0.00, 0.00, 0.00
-0.24,-0.98, 1.17,-0.54, 0.00, 0.00, 0.00, 0.00
-0.24,-0.98, 1.16,-0.54, 0.00, 0.00, 0.00, 0.00
-0.24,-0.98, 1.16,-0.54, 0.00, 0.00, 0.00, 0.00
-0.24,-0.98, 1.15,-0.54, 0.00, 0.00, 0.00, 0.00
-0.24,-0.98, 1.14,-0.54, 0.00, 0.00, 0.00, 0.00
-0.24,-0.98, 1.13,-0.55, 0.00, 0.00, 0.00, 0.00
-0.24,-0.98, 1.12,-0.54, 0.00, 0.00, 0.00, 0.00
-0.24,-0.98, 1.11,-0.54, 0.00, 0.00, 0.00, 0.00
-0.24,-0.98, 1.10,-0.54, 0.00, 0.00, 0.00, 0.00
-0.24,-0.99, 1.09,-0.53, 0.00, 0.00, 0.00, 0.00
-0.24,-0.98, 1.09,-0.53, 0.00, 0.00, 0.00, 0.00
-0.24,-0.99, 1.08,-0.54, 0.00, 0.00, 0.00, 0.00
-0.24,-0.99, 1.07,-0.53, 0.00, 0.00, 0.00, 0.00
-0.24,-0.99, 1.06,-0.53, 0.00, 0.00, 0.00, 0.00
-0.24,-0.99, 1.05,-0.54, 0.00, 0.00, 0.00, 0.00
-0.24,-0.99, 1.04,-0.53, 0.00, 0.00, 0.00, 0.00
-0.24,-0.99, 1.03,-0.53, 0.00, 0.00, 0.00, 0.00
-0.24,-0.99, 1.02,-0.53, 0.00, 0.00, 0.00, 0.00
-0.24,-0.99, 1.00,-0.53, 0.00, 0.00, 0.00, 0.00
-0.24,-0.98, 0.99,-0.53, 0.00, 0.00, 0.00, 0.00
-0.24,-0.99, 0.99,-0.53, 0.00, 0.00, 0.00, 0.00
-0.24,-0.98, 0.97,-0.52, 0.00, 0.00, 0.00, 0.00
-0.24,-0.98, 0.96,-0.53, 0.00, 0.00, 0.00, 0.00
-0.24,-0.98, 0.95,-0.53, 0.00, 0.00, 0.00, 0.00
-0.24,-0.98, 0.94,-0.53, 0.00, 0.00, 0.00, 0.00
-0.24,-0.98, 0.93,-0.52, 0.00, 0.00, 0.00, 0.00
-0.24,-0.98, 0.92,-0.54, 0.00, 0.00, 0.00, 0.00
-0.24,-0.98, 0.90,-0.51, 0.00, 0.00, 0.00, 0.00
-0.24,-0.98, 0.90,-0.51, 0.00, 0.00, 0.00, 0.00
-0.24,-0.98, 0.88,-0.52, 0.00, 0.00, 0.00, 0.00
-0.24,-0.98, 0.87,-0.52, 0.00, 0.00, 0.00, 0.00
-0.24,-0.98, 0.86,-0.53, 0.00, 0.00, 0.00, 0.00
-0.24,-0.98, 0.85,-0.53, 0.00, 0.00, 0.00, 0.00
-0.24,-0.98, 0.84,-0.53, 0.00, 0.00, 0.00, 0.00
-0.24,-0.98, 0.82,-0.54, 0.00, 0.00, 0.00, 0.00
-0.24,-0.98, 0.81,-0.53, 0.00, 0.00, 0.00, 0.00
-0.24,-0.98, 0.80,-0.53, 0.00, 0.00, 0.00, 0.00
-0.24,-0.98, 0.78,-0.53, 0.00, 0.00, 0.00, 0.00
-0.24,-0.98, 0.77,-0.53, 0.00, 0.00, 0.00, 0.00
-0.24,-0.98, 0.77,-0.53, 0.00, 0.00, 0.00, 0.00
-0.24,-0.99, 0.76,-0.53, 0.00, 0.00, 0.00, 0.00
-0.24,-0.99, 0.74,-0.51, 0.00, 0.00, 0.00, 0.00
-0.24,-0.99, 0.73,-0.52, 0.00, 0.00, 0.00, 0.00
-0.24,-0.99, 0.72,-0.53, 0.00, 0.00, 0.00, 0.00
-0.24,-0.99, 0.71,-0.53, 0.00, 0.00, 0.00, 0.00
-0.24,-0.99, 0.69,-0.53, 0.00, 0.00, 0.00, 0.00
-0.24,-0.99, 0.69,-0.53, 0.00, 0.00, 0.00, 0.00
-0.24,-0.99, 0.68,-0.53, 0.00, 0.00, 0.00, 0.00
-0.23,-0.99, 0.66,-0.53, 0.00, 0.00, 0.00, 0.00
-0.23,-0.99, 0.66,-0.52, 0.00, 0.00, 0.00, 0.00
-0.23,-0.99, 0.64,-0.53, 0.00, 0.00, 0.00, 0.00
-0.23,-0.99, 0.63,-0.54, 0.00, 0.00, 0.00, 0.00
-0.23,-0.99, 0.62,-0.53, 0.00, 0.00, 0.00, 0.00
-0.23,-0.99, 0.61,-0.53, 0.00, 0.00, 0.00, 0.00
-0.23,-0.99, 0.60,-0.52, 0.00, 0.00, 0.00, 0.00
-0.23,-0.99, 0.59,-0.54, 0.00, 0.00, 0.00, 0.00
-0.23,-0.99, 0.58,-0.54, 0.00, 0.00, 0.00, 0.00
-0.23,-0.99, 0.57,-0.53, 0.00, 0.00, 0.00, 0.00
-0.23,-0.99, 0.56,-0.53, 0.00, 0.00, 0.00, 0.00
-0.23,-0.99, 0.54,-0.54, 0.00, 0.00, 0.00, 0.00
-0.23,-0.99, 0.53,-0.54, 0.00, 0.00, 0.00, 0.00
-0.23,-0.99, 0.53,-0.53, 0.00, 0.00, 0.00, 0.00
-0.23,-0.99, 0.52,-0.53, 0.00, 0.00, 0.00, 0.00
-0.22,-0.99, 0.51,-0.53, 0.00, 0.00, 0.00, 0.00
-0.22,-0.99, 0.50,-0.53, 0.00, 0.00, 0.00, 0.00
-0.22,-0.99, 0.49,-0.53, 0.00, 0.00, 0.00, 0.00
-0.22,-0.99, 0.48,-0.54, 0.00, 0.00, 0.00, 0.00
-0.22,-0.99, 0.47,-0.54, 0.00, 0.00, 0.00, 0.00
-0.22,-0.99, 0.46,-0.54, 0.00, 0.00, 0.00, 0.00
-0.22,-0.99, 0.45,-0.54, 0.00, 0.00, 0.00, 0.00
-0.22,-0.99, 0.44,-0.53, 0.00, 0.00, 0.00, 0.00
-0.22,-0.99, 0.43,-0.53, 0.00, 0.00, 0.00, 0.00
-0.22,-0.99, 0.42,-0.54, 0.00, 0.00, 0.00, 0.00
-0.21,-0.99, 0.41,-0.53, 0.00, 0.00, 0.00, 0.00
-0.21,-0.99, 0.41,-0.52, 0.00, 0.00, 0.00, 0.00
-0.21,-0.99, 0.40,-0.54, 0.00, 0.00, 0.00, 0.00
-0.21,-0.99, 0.39,-0.54, 0.00, 0.00, 0.00, 0.00
-0.21,-0.99, 0.38,-0.53, 0.00, 0.00, 0.00, 0.00
-0.21,-0.99, 0.37,-0.54, 0.00, 0.00, 0.00, 0.00
-0.21,-0.99, 0.36,-0.54, 0.00, 0.00, 0.00, 0.00
-0.21,-0.99, 0.36,-0.54, 0.00, 0.00, 0.00, 0.00
-0.21,-0.99, 0.35,-0.54, 0.00, 0.00, 0.00, 0.00
-0.21,-0.99, 0.34,-0.54, 0.00, 0.00, 0.00, 0.00
-0.20,-0.99, 0.34,-0.54, 0.00, 0.00, 0.00, 0.00
-0.20,-0.99, 0.33,-0.54, 0.00, 0.00, 0.00, 0.00
-0.20,-0.99, 0.32,-0.55, 0.00, 0.00, 0.00, 0.00
-0.20,-0.99, 0.32,-0.54, 0.00, 0.00, 0.00, 0.00
-0.20,-0.99, 0.31,-0.55, 0.00, 0.00, 0.00, 0.00
-0.20,-0.99, 0.31,-0.55, 0.00, 0.00, 0.00, 0.00
-0.20,-0.99, 0.30,-0.53, 0.00, 0.00, 0.00, 0.00
-0.20,-0.99, 0.30,-0.54, 0.00, 0.00, 0.00, 0.00
-0.20,-0.99, 0.30,-0.56, 0.00, 0.00, 0.00, 0.00
-0.19,-0.99, 0.29,-0.54, 0.00, 0.00, 0.00, 0.00
-0.19,-0.99, 0.29,-0.53, 0.00, 0.00, 0.00, 0.00
-0.19,-0.99, 0.28,-0.55, 0.00, 0.00, 0.00, 0.00
-0.19,-0.99, 0.28,-0.56, 0.00, 0.00, 0.00, 0.00
-0.19,-0.99, 0.28,-0.54, 0.00, 0.00, 0.00, 0.00
-0.19,-0.99, 0.27,-0.54, 0.00, 0.00, 0.00, 0.00
-0.19,-0.99, 0.27,-0.55, 0.00, 0.00, 0.00, 0.00
-0.19,-0.99, 0.27,-0.55, 0.00, 0.00, 0.00, 0.00
-0.19,-0.99, 0.27,-0.54, 0.00, 0.00, 0.00, 0.00
-0.18,-0.99, 0.26,-0.55, 0.00, 0.00, 0.00, 0.00
-0.18,-0.99, 0.26,-0.55, 0.00, 0.00, 0.00, 0.00
-0.18,-0.99, 0.26,-0.55, 0.00, 0.00, 0.00, 0.00
-0.18,-0.99, 0.26,-0.55, 0.00, 0.00, 0.00, 0.00
-0.18,-0.99, 0.26,-0.55, 0.00, 0.00, 0.00, 0.00
-0.18,-0.99, 0.26,-0.54, 0.00, 0.00, 0.00, 0.00
-0.18,-0.99, 0.26,-0.55, 0.00, 0.00, 0.00, 0.00
-0.18,-0.99, 0.26,-0.55, 0.00, 0.00, 0.00, 0.00
-0.18,-0.99, 0.26,-0.55, 0.00, 0.00, 0.00, 0.00
-0.18,-0.99, 0.25,-0.55, 0.00, 0.00, 0.00, 0.00
-0.18,-0.99, 0.25,-0.53, 0.00, 0.00, 0.00, 0.00
-0.18,-0.99, 0.25,-0.55, 0.00, 0.00, 0.00, 0.00
-0.17,-0.99, 0.25,-0.55, 0.00, 0.00, 0.00, 0.00
-0.17,-0.99, 0.25,-0.55, 0.00, 0.00, 0.00, 0.00
-0.17,-0.99, 0.25,-0.56, 0.00, 0.00, 0.00, 0.00
-0.17,-0.99, 0.25,-0.55, 0.00, 0.00, 0.00, 0.00
-0.17,-0.99, 0.25,-0.55, 0.00, 0.00, 0.00, 0.00
-0.17,-0.99, 0.25,-0.53, 0.00, 0.00, 0.00, 0.00
-0.17,-0.99, 0.25,-0.54, 0.00, 0.00, 0.00, 0.00
-0.17,-0.99, 0.26,-0.55, 0.00, 0.00, 0.00, 0.00
-0.17,-0.99, 0.26,-0.55, 0.00, 0.00, 0.00, 0.00
-0.17,-0.99, 0.26,-0.55, 0.00, 0.00, 0.00, 0.00
-0.17,-0.99, 0.26,-0.55, 0.00, 0.00, 0.00, 0.00
-0.17,-0.99, 0.26,-0.55, 0.00, 0.00, 0.00, 0.00
-0.17,-0.99, 0.26,-0.55, 0.00, 0.00, 0.00, 0.00
-0.17,-0.99, 0.26,-0.55, 0.00, 0.00, 0.00, 0.00
-0.17,-0.99, 0.26,-0.53, 0.00, 0.00, 0.00, 0.00
-0.17,-0.99, 0.26,-0.55, 0.00, 0.00, 0.00, 0.00
-0.17,-0.99, 0.26,-0.55, 0.00, 0.00, 0.00, 0.00
-0.17,-0.99, 0.26,-0.55, 0.00, 0.00, 0.00, 0.00
-0.17,-0.99, 0.26,-0.55, 0.00, 0.00, 0.00, 0.00
-0.17,-0.99, 0.26,-0.54, 0.00, 0.00, 0.00, 0.00
-0.17,-0.99, 0.26,-0.55, 0.00, 0.00, 0.00, 0.00
-0.17,-1.00, 0.26,-0.55, 0.00, 0.00, 0.00, 0.00
-0.17,-1.00, 0.26,-0.55, 0.00, 0.00, 0.00, 0.00
-0.17,-1.00, 0.26,-0.55, 0.00, 0.00, 0.00, 0.00
-0.17,-1.00, 0.27,-0.55, 0.00, 0.00, 0.00, 0.00
-0.17,-1.00, 0.27,-0.55, 0.00, 0.00, 0.00, 0.00
-0.17,-1.00, 0.27,-0.54, 0.00, 0.00, 0.00, 0.00
-0.17,-1.00, 0.27,-0.54, 0.00, 0.00, 0.00, 0.00
-0.17,-1.00, 0.27,-0.55, 0.00, 0.00, 0.00, 0.00
-0.17,-1.00, 0.27,-0.55, 0.00, 0.00, 0.00, 0.00
-0.17,-1.00, 0.27,-0.55, 0.00, 0.00, 0.00, 0.00
-0.17,-1.00, 0.27,-0.55, 0.00, 0.00, 0.00, 0.00
-0.17,-1.00, 0.27,-0.56, 0.00, 0.00, 0.00, 0.00
-0.17,-1.00, 0.27,-0.55, 0.00, 0.00, 0.00, 0.00
-0.17,-1.00, 0.27,-0.54, 0.00, 0.00, 0.00, 0.00
-0.17,-1.00, 0.27,-0.52, 0.00, 0.00, 0.00, 0.00
-0.17,-1.00, 0.28,-0.55, 0.00, 0.00, 0.00, 0.00
-0.17,-1.00, 0.28,-0.54, 0.00, 0.00, 0.00, 0.00
-0.17,-1.00, 0.28,-0.54, 0.00, 0.00, 0.00, 0.00
-0.17,-1.01, 0.28,-0.54, 0.00, 0.00, 0.00, 0.00
-0.17,-1.01, 0.28,-0.54, 0.00, 0.00, 0.00, 0.00
-0.17,-1.01, 0.28,-0.55, 0.00, 0.00, 0.00, 0.00
-0.17,-1.01, 0.28,-0.54, 0.00, 0.00, 0.00, 0.00
-0.17,-1.01, 0.28,-0.54, 0.00, 0.00, 0.00, 0.00
-0.17,-1.01, 0.28,-0.53, 0.00, 0.00, 0.00, 0.00
-0.17,-1.01, 0.28,-0.54, 0.00, 0.00, 0.00, 0.00
-0.17,-1.01, 0.28,-0.54, 0.00, 0.00, 0.00, 0.00
-0.17,-1.01, 0.28,-0.55, 0.00, 0.00, 0.00, 0.00
-0.17,-1.01, 0.28,-0.54, 0.00, 0.00, 0.00, 0.00
-0.17,-1.01, 0.29,-0.54, 0.00, 0.00, 0.00, 0.00
-0.18,-1.01, 0.29,-0.54, 0.00, 0.00, 0.00, 0.00
-0.18,-1.01, 0.29,-0.54, 0.00, 0.00, 0.00, 0.00
-0.18,-1.01, 0.29,-0.54, 0.00, 0.00, 0.00, 0.00
-0.18,-1.01, 0.29,-0.54, 0.00, 0.00, 0.00, 0.00
-0.18,-1.01, 0.29,-0.55, 0.00, 0.00, 0.00, 0.00
-0.18,-1.01, 0.29,-0.54, 0.00, 0.00, 0.00, 0.00
-0.18,-1.01, 0.29,-0.54, 0.00, 0.00, 0.00, 0.00
-0.18,-1.01, 0.29,-0.55, 0.00, 0.00, 0.00, 0.00
-0.18,-1.01, 0.29,-0.55, 0.00, 0.00, 0.00, 0.00
-0.18,-1.01, 0.29,-0.55, 0.00, 0.00, 0.00, 0.00
-0.18,-1.02, 0.29,-0.54, 0.00, 0.00, 0.00, 0.00
-0.18,-1.02, 0.29,-0.54, 0.00, 0.00, 0.00, 0.00
-0.18,-1.02, 0.29,-0.55, 0.00, 0.00, 0.00, 0.00
-0.18,-1.02, 0.29,-0.55, 0.00, 0.00, 0.00, 0.00
-0.18,-1.02, 0.29,-0.55, 0.00, 0.00, 0.00, 0.00
-0.18,-1.02, 0.29,-0.55, 0.00, 0.00, 0.00, 0.00
-0.18,-1.02, 0.30,-0.54, 0.00, 0.00, 0.00, 0.00
-0.18,-1.02, 0.30,-0.54, 0.00, 0.00, 0.00, 0.00
-0.18,-1.02, 0.30,-0.54, 0.00, 0.00, 0.00, 0.00
-0.18,-1.02, 0.30,-0.54, 0.00, 0.00, 0.00, 0.00
-0.19,-1.02, 0.30,-0.54, 0.00, 0.00, 0.00, 0.00
-0.19,-1.02, 0.30,-0.55, 0.00, 0.00, 0.00, 0.00
-0.19,-1.02, 0.30,-0.55, 0.00, 0.00, 0.00, 0.00
-0.19,-1.02, 0.30,-0.54, 0.00, 0.00, 0.00, 0.00
-0.19,-1.02, 0.30,-0.54, 0.00, 0.00, 0.00, 0.00
-0.19,-1.02, 0.30,-0.55, 0.00, 0.00, 0.00, 0.00
-0.19,-1.02, 0.30,-0.54, 0.00, 0.00, 0.00, 0.00
-0.19,-1.02, 0.30,-0.55, 0.00, 0.00, 0.00, 0.00
-0.19,-1.02, 0.30,-0.55, 0.00, 0.00, 0.00, 0.00
