 0.00, 0.00, 0.00, 0.00, 0.00, 0.00, 0.00, 0.00
 1.42,-4.68, 0.79,-1.16, 0.00, 0.00, 0.00, 0.00
 1.42,-4.68, 0.79,-1.16, 0.00, 0.00, 0.00, 0.00
 1.42,-4.68, 0.79,-1.16, 0.00, 0.00, 0.00, 0.00
 1.42,-4.68, 0.79,-1.16, 0.00, 0.00, 0.00, 0.00
 1.42,-4.68, 0.79,-1.16, 0.00, 0.00, 0.00, 0.00
 1.42,-4.68, 0.79,-1.16, 0.00, 0.00, 0.00, 0.00
 1.42,-4.68, 0.79,-1.16, 0.00, 0.00, 0.00, 0.00
 1.42,-4.68, 0.79,-1.16, 0.00, 0.00, 0.00, 0.00
 1.42,-4.68, 0.79,-1.16, 0.00, 0.00, 0.00, 0.00
 1.42,-4.68, 0.79,-1.16, 0.00, 0.00, 0.00, 0.00
 1.42,-4.68, 0.79,-1.16, 0.00, 0.00, 0.00, 0.00
 1.42,-4.68, 0.79,-1.16, 0.00, 0.00, 0.00, 0.00
 1.42,-4.68, 0.79,-1.16, 0.00, 0.00, 0.00, 0.00
 1.42,-4.68, 0.79,-1.16, 0.00, 0.00, 0.00, 0.00
 1.42,-4.68, 0.79,-1.16, 0.00, 0.00, 0.00, 0.00
 1.42,-4.68, 0.79,-1.16, 0.00, 0.00, 0.00, 0.00
 1.42,-4.68, 0.79,-1.16, 0.00, 0.00, 0.00, 0.00
 1.42,-4.68, 0.79,-1.16, 0.00, 0.00, 0.00, 0.00
 1.42,-4.68, 0.79,-1.16, 0.00, 0.00, 0.00, 0.00
 1.42,-4.68, 0.79,-1.16, 0.00, 0.00, 0.00, 0.00
 1.42,-4.68, 0.79,-1.16, 0.00, 0.00, 0.00, 0.00
 1.42,-4.68, 0.79,-1.16, 0.00, 0.00, 0.00, 0.00
 1.42,-4.68, 0.79,-1.16, 0.00, 0.00, 0.00, 0.00
 1.42,-4.68, 0.79,-1.16, 0.00, 0.00, 0.00, 0.00
 1.42,-4.68, 0.79,-1.16, 0.00, 0.00, 0.00, 0.00
 1.42,-4.68, 0.79,-1.16, 0.00, 0.00, 0.00, 0.00
 0.88,-4.45, 0.66,-3.08, 0.00, 0.00, 0.00, 0.00
 0.88,-4.45, 0.66,-3.08, 0.00, 0.00, 0.00, 0.00
 0.88,-4.45, 0.66,-3.08, 0.00, 0.00, 0.00, 0.00
 0.88,-4.45, 0.66,-3.08, 0.00, 0.00, 0.00, 0.00
 0.88,-4.45, 0.66,-3.08, 0.00, 0.00, 0.00, 0.00
 0.88,-4.45, 0.66,-3.08, 0.00, 0.00, 0.00, 0.00
 0.88,-4.45, 0.66,-3.08, 0.00, 0.00, 0.00, 0.00
 0.88,-4.45, 0.66,-3.08, 0.00, 0.00, 0.00, 0.00
 0.88,-4.45, 0.66,-3.08, 0.00, 0.00, 0.00, 0.00
 0.88,-4.45, 0.66,-3.08, 0.00, 0.00, 0.00, 0.00
 0.88,-4.45, 0.66,-3.08, 0.00, 0.00, 0.00, 0.00
 1.39,-4.68, 0.80,-2.34, 0.00, 0.00, 0.00, 0.00
 1.39,-4.68, 0.80,-2.34, 0.00, 0.00, 0.00, 0.00
 1.39,-4.68, 0.80,-2.34, 0.00, 0.00, 0.00, 0.00
 1.39,-4.68, 0.80,-2.34, 0.00, 0.00, 0.00, 0.00
 1.39,-4.68, 0.80,-2.34, 0.00, 0.00, 0.00, 0.00
 1.39,-4.68, 0.80,-2.34, 0.00, 0.00, 0.00, 0.00
 1.39,-4.68, 0.80,-2.34, 0.00, 0.00, 0.00, 0.00
 1.39,-4.68, 0.80,-2.34, 0.00, 0.00, 0.00, 0.00
 1.39,-4.68, 0.80,-2.34, 0.00, 0.00, 0.00, 0.00
 1.39,-4.68, 0.80,-2.34, 0.00, 0.00, 0.00, 0.00
 1.39,-4.68, 0.80,-2.34, 0.00, 0.00, 0.00, 0.00
 1.46,-4.70, 0.83,-2.59, 0.00, 0.00, 0.00, 0.00
 1.46,-4.70, 0.83,-2.59, 0.00, 0.00, 0.00, 0.00
 1.46,-4.70, 0.83,-2.59, 0.00, 0.00, 0.00, 0.00
 1.46,-4.70, 0.83,-2.59, 0.00, 0.00, 0.00, 0.00
 1.46,-4.70, 0.83,-2.59, 0.00, 0.00, 0.00, 0.00
 1.46,-4.70, 0.83,-2.59, 0.00, 0.00, 0.00, 0.00
 1.37,-4.68, 0.84,-4.77, 0.00, 0.00, 0.00, 0.00
 1.37,-4.68, 0.84,-4.77, 0.00, 0.00, 0.00, 0.00
 1.37,-4.68, 0.84,-4.77, 0.00, 0.00, 0.00, 0.00
 1.37,-4.68, 0.84,-4.77, 0.00, 0.00, 0.00, 0.00
 1.37,-4.68, 0.84,-4.82, 0.00, 0.00, 0.00, 0.00
 1.37,-4.68, 0.84,-4.82, 0.00, 0.00, 0.00, 0.00
 1.37,-4.68, 0.84,-4.82, 0.00, 0.00, 0.00, 0.00
 1.37,-4.68, 0.84,-4.82, 0.00, 0.00, 0.00, 0.00
 1.37,-4.68, 0.84,-4.82, 0.00, 0.00, 0.00, 0.00
 1.37,-4.68, 0.84,-4.82, 0.00, 0.00, 0.00, 0.00
 1.37,-4.68, 0.84,-4.82, 0.00, 0.00, 0.00, 0.00
 1.37,-4.68, 0.84,-4.82, 0.00, 0.00, 0.00, 0.00
 1.37,-4.68, 0.84,-4.82, 0.00, 0.00, 0.00, 0.00
 1.37,-4.68, 0.84,-4.82, 0.00, 0.00, 0.00, 0.00
 1.46,-4.70, 0.79,-7.12, 0.00, 0.00, 0.00, 0.00
 1.46,-4.70, 0.79,-7.12, 0.00, 0.00, 0.00, 0.00
 1.46,-4.70, 0.79,-7.12, 0.00, 0.00, 0.00, 0.00
 1.46,-4.70, 0.79,-7.12, 0.00, 0.00, 0.00, 0.00
 1.46,-4.70, 0.79,-7.12, 0.00, 0.00, 0.00, 0.00
 1.46,-4.70, 0.79,-7.12, 0.00, 0.00, 0.00, 0.00
 1.46,-4.70, 0.79,-7.12, 0.00, 0.00, 0.00, 0.00
 1.46,-4.70, 0.79,-7.12, 0.00, 0.00, 0.00, 0.00
 1.46,-4.70, 0.79,-7.12, 0.00, 0.00, 0.00, 0.00
 1.46,-4.70, 0.79,-7.12, 0.00, 0.00, 0.00, 0.00
 1.46,-4.70, 0.79,-7.12, 0.00, 0.00, 0.00, 0.00
 1.46,-4.70, 0.79,-7.12, 0.00, 0.00, 0.00, 0.00
 1.46,-4.70, 0.79,-7.12, 0.00, 0.00, 0.00, 0.00
 1.46,-4.70, 0.79,-7.12, 0.00, 0.00, 0.00, 0.00
 1.46,-4.70, 0.79,-7.12, 0.00, 0.00, 0.00, 0.00
 1.46,-4.70, 0.79,-7.12, 0.00, 0.00, 0.00, 0.00
 1.46,-4.70, 0.79,-7.12, 0.00, 0.00, 0.00, 0.00
 1.46,-4.70, 0.79,-7.12, 0.00, 0.00, 0.00, 0.00
 1.46,-4.70, 0.79,-7.12, 0.00, 0.00, 0.00, 0.00
 1.46,-4.70, 0.79,-7.12, 0.00, 0.00, 0.00, 0.00
 1.46,-4.70, 0.79,-7.12, 0.00, 0.00, 0.00, 0.00
 1.46,-4.70, 0.79,-7.12, 0.00, 0.00, 0.00, 0.00
 1.46,-4.70, 0.79,-7.12, 0.00, 0.00, 0.00, 0.00
 1.46,-4.70, 0.79,-7.12, 0.00, 0.00, 0.00, 0.00
 1.46,-4.70, 0.79,-7.12, 0.00, 0.00, 0.00, 0.00
 1.46,-4.70, 0.79,-7.12, 0.00, 0.00, 0.00, 0.00
 1.46,-4.70, 0.79,-7.12, 0.00, 0.00, 0.00, 0.00
 1.46,-4.70, 0.79,-7.12, 0.00, 0.00, 0.00, 0.00
 1.46,-4.70, 0.79,-7.12, 0.00, 0.00, 0.00, 0.00
 1.46,-4.70, 0.79,-7.12, 0.00, 0.00, 0.00, 0.00
 1.46,-4.70, 0.79,-7.12, 0.00, 0.00, 0.00, 0.00
 1.46,-4.70, 0.79,-7.12, 0.00, 0.00, 0.00, 0.00
 1.47,-4.70, 0.83,-8.85, 0.00, 0.00, 0.00, 0.00
 1.47,-4.70, 0.83,-8.85, 0.00, 0.00, 0.00, 0.00
 1.47,-4.70, 0.83,-8.85, 0.00, 0.00, 0.00, 0.00
 1.47,-4.70, 0.83,-8.85, 0.00, 0.00, 0.00, 0.00
 1.47,-4.70, 0.83,-8.85, 0.00, 0.00, 0.00, 0.00
 1.47,-4.70, 0.83,-8.85, 0.00, 0.00, 0.00, 0.00
 1.47,-4.70, 0.83,-8.85, 0.00, 0.00, 0.00, 0.00
 1.47,-4.70, 0.83,-8.85, 0.00, 0.00, 0.00, 0.00
 1.47,-4.70, 0.83,-8.85, 0.00, 0.00, 0.00, 0.00
 1.47,-4.70, 0.83,-8.85, 0.00, 0.00, 0.00, 0.00
 1.47,-4.70, 0.83,-8.85, 0.00, 0.00, 0.00, 0.00
 1.47,-4.70, 0.83,-8.85, 0.00, 0.00, 0.00, 0.00
 1.47,-4.70, 0.83,-8.85, 0.00, 0.00, 0.00, 0.00
 1.47,-4.70, 0.83,-8.85, 0.00, 0.00, 0.00, 0.00
 1.47,-4.70, 0.83,-8.85, 0.00, 0.00, 0.00, 0.00
 1.47,-4.70, 0.83,-8.85, 0.00, 0.00, 0.00, 0.00
 1.47,-4.70, 0.83,-8.85, 0.00, 0.00, 0.00, 0.00
 1.47,-4.70, 0.83,-8.85, 0.00, 0.00, 0.00, 0.00
 1.47,-4.70, 0.83,-8.85, 0.00, 0.00, 0.00, 0.00
 1.47,-4.70, 0.83,-8.85, 0.00, 0.00, 0.00, 0.00
 1.47,-4.70, 0.83,-8.85, 0.00, 0.00, 0.00, 0.00
 1.47,-4.70, 0.83,-8.85, 0.00, 0.00, 0.00, 0.00
 1.47,-4.70, 0.83,-8.85, 0.00, 0.00, 0.00, 0.00
 1.47,-4.70, 0.83,-8.85, 0.00, 0.00, 0.00, 0.00
 1.47,-4.70, 0.83,-8.85, 0.00, 0.00, 0.00, 0.00
 1.47,-4.70, 0.83,-8.85, 0.00, 0.00, 0.00, 0.00
 1.47,-4.70, 0.83,-8.85, 0.00, 0.00, 0.00, 0.00
 1.47,-4.70, 0.83,-8.85, 0.00, 0.00, 0.00, 0.00
 1.47,-4.70, 0.83,-8.85, 0.00, 0.00, 0.00, 0.00
 1.47,-4.70, 0.83,-8.85, 0.00, 0.00, 0.00, 0.00
 1.47,-4.70, 0.83,-8.85, 0.00, 0.00, 0.00, 0.00
 1.47,-4.70, 0.83,-8.85, 0.00, 0.00, 0.00, 0.00
 1.47,-4.70, 0.83,-8.85, 0.00, 0.00, 0.00, 0.00
 1.47,-4.70, 0.83,-8.85, 0.00, 0.00, 0.00, 0.00
 1.47,-4.70, 0.83,-8.85, 0.00, 0.00, 0.00, 0.00
 1.47,-4.70, 0.83,-8.85, 0.00, 0.00, 0.00, 0.00
 1.47,-4.70, 0.83,-8.85, 0.00, 0.00, 0.00, 0.00
 1.47,-4.70, 0.83,-8.85, 0.00, 0.00, 0.00, 0.00
 1.47,-4.70, 0.83,-8.85, 0.00, 0.00, 0.00, 0.00
 1.47,-4.70, 0.83,-8.85, 0.00, 0.00, 0.00, 0.00
 1.24,-4.39, 0.78,-9.31, 0.00, 0.00, 0.00, 0.00
 1.24,-4.39, 0.78,-9.31, 0.00, 0.00, 0.00, 0.00
 1.24,-4.39, 0.78,-9.31, 0.00, 0.00, 0.00, 0.00
 1.24,-4.40, 0.80,-11.68, 0.00, 0.00, 0.00, 0.00
 1.24,-4.40, 0.80,-11.68, 0.00, 0.00, 0.00, 0.00
 1.24,-4.40, 0.80,-11.68, 0.00, 0.00, 0.00, 0.00
 1.24,-4.40, 0.80,-11.68, 0.00, 0.00, 0.00, 0.00
 1.24,-4.40, 0.80,-11.68, 0.00, 0.00, 0.00, 0.00
 1.24,-4.40, 0.80,-11.68, 0.00, 0.00, 0.00, 0.00
 1.24,-4.40, 0.80,-11.68, 0.00, 0.00, 0.00, 0.00
 1.24,-4.40, 0.80,-11.68, 0.00, 1.00, 0.00, 0.00
 1.24,-4.40, 0.80,-11.68, 0.00, 1.00, 0.00, 0.00
 1.24,-4.40, 0.80,-11.68, 0.00, 1.00, 0.00, 0.00
 1.24,-4.40, 0.80,-11.68, 0.00, 1.00, 0.00, 0.00
 1.24,-4.40, 0.80,-11.68, 0.00, 1.00, 0.00, 0.00
 1.24,-4.40, 0.80,-11.68, 0.00, 1.00, 0.00, 0.00
 1.26,-4.65, 0.76,-12.96, 0.00, 1.00, 0.00, 0.00
 1.26,-4.65, 0.76,-12.96, 0.00, 1.00, 0.00, 0.00
 1.26,-4.65, 0.76,-12.96, 0.00, 1.00, 0.00, 0.00
 1.39,-4.68, 0.80,-13.17, 0.00, 1.00, 0.00, 0.00
 1.39,-4.68, 0.80,-13.17, 0.00, 1.00, 0.00, 0.00
 1.39,-4.68, 0.80,-13.17, 0.00, 1.00, 0.00, 0.00
 1.39,-4.68, 0.80,-13.17, 0.00, 1.00, 0.00, 0.00
 1.39,-4.68, 0.80,-13.17, 0.00, 1.00, 0.00, 0.00
 1.39,-4.68, 0.80,-13.17, 0.00, 1.00, 0.00, 0.00
 1.33,-4.66, 0.82,-15.55, 0.00, 1.00, 0.00, 0.00
 1.43,-4.70, 0.81,-14.89, 0.00, 1.00, 0.00, 0.00
 1.43,-4.70, 0.81,-14.89, 0.00, 1.00, 0.00, 0.00
 1.43,-4.70, 0.81,-14.89, 0.00, 1.00, 0.00, 0.00
 1.43,-4.70, 0.81,-14.89, 0.00, 1.00, 0.00, 0.00
 1.43,-4.70, 0.81,-14.89, 0.00, 1.00, 0.00, 0.00
 1.43,-4.70, 0.81,-14.89, 0.00, 1.00, 0.00, 0.00
 1.43,-4.70, 0.81,-14.89, 0.00, 1.00, 0.00, 0.00
 1.43,-4.70, 0.81,-14.89, 0.00, 1.00, 0.00, 0.00
 1.39,-4.69, 0.83,-17.80, 0.00, 1.00, 0.00, 0.00
 1.42,-4.68, 0.82,-16.96, 0.00, 1.00, 0.00, 0.00
 1.42,-4.68, 0.82,-16.93, 0.00, 1.00, 0.00, 0.00
 1.42,-4.68, 0.82,-16.94, 0.00, 1.00, 0.00, 0.00
 1.42,-4.68, 0.82,-16.94, 0.00, 1.00, 0.00, 0.00
 1.42,-4.68, 0.82,-16.94, 0.00, 1.00, 0.00, 0.00
 1.42,-4.68, 0.82,-16.94, 0.00, 1.00, 0.00, 0.00
 1.42,-4.68, 0.82,-16.94, 0.00, 1.00, 0.00, 0.00
 1.39,-4.67, 0.80,-16.94, 0.00, 1.00, 0.00, 0.00
 1.39,-4.68, 0.80,-16.93, 0.00, 1.00, 0.00, 0.00
 1.39,-4.68, 0.80,-16.93, 0.00, 1.00, 0.00, 0.00
 1.39,-4.68, 0.80,-16.93, 0.00, 1.00, 0.00, 0.00
 1.39,-4.68, 0.80,-16.93, 0.00, 1.00, 0.00, 0.00
 1.39,-4.68, 0.80,-16.93, 0.00, 1.00, 0.00, 0.00
 1.39,-4.68, 0.80,-16.93, 0.00, 1.00, 0.00, 0.00
 1.39,-4.68, 0.80,-16.93, 0.00, 1.00, 0.00, 0.00
 1.39,-4.68, 0.80,-16.93, 0.00, 1.00, 0.00, 0.00
 1.39,-4.68, 0.80,-16.93, 0.00, 1.00, 0.00, 0.00
 1.39,-4.68, 0.80,-16.93, 0.00, 1.00, 0.00, 0.00
 1.39,-4.68, 0.80,-16.93, 0.00, 1.00, 0.00, 0.00
 1.39,-4.68, 0.80,-16.93, 0.00, 1.00, 0.00, 0.00
 1.39,-4.68, 0.80,-16.93, 0.00, 1.00, 0.00, 0.00
 1.39,-4.68, 0.80,-16.93, 0.00, 1.00, 0.00, 0.00
 1.39,-4.68, 0.80,-16.93, 0.00, 1.00, 0.00, 0.00
 1.39,-4.68, 0.80,-16.93, 0.00, 1.00, 0.00, 0.00
 1.39,-4.68, 0.80,-16.93, 0.00, 1.00, 0.00, 0.00
 1.39,-4.68, 0.80,-16.93, 0.00, 1.00, 0.00, 0.00
 1.39,-4.68, 0.80,-16.93, 0.00, 1.00, 0.00, 0.00
 1.39,-4.68, 0.80,-16.93, 0.00, 1.00, 0.00, 0.00
 1.39,-4.68, 0.80,-16.93, 0.00, 1.00, 0.00, 0.00
 1.39,-4.68, 0.80,-16.93, 0.00, 1.00, 0.00, 0.00
 1.39,-4.68, 0.80,-16.93, 0.00, 1.00, 0.00, 0.00
 1.39,-4.68, 0.80,-16.93, 0.00, 1.00, 0.00, 0.00
 1.39,-4.68, 0.80,-16.93, 0.00, 1.00, 0.00, 0.00
 1.39,-4.68, 0.80,-16.93, 0.00, 1.00, 0.00, 0.00
 1.39,-4.68, 0.80,-16.93, 0.00, 1.00, 0.00, 0.00
 1.39,-4.68, 0.80,-16.93, 0.00, 1.00, 0.00, 0.00
 1.39,-4.68, 0.80,-16.93, 0.00, 1.00, 0.00, 0.00
 1.39,-4.68, 0.80,-16.93, 0.00, 1.00, 0.00, 0.00
 1.39,-4.68, 0.80,-16.93, 0.00, 1.00, 0.00, 0.00
 1.39,-4.68, 0.80,-16.93, 0.00, 1.00, 0.00, 0.00
 1.39,-4.68, 0.80,-16.93, 0.00, 1.00, 0.00, 0.00
 1.39,-4.68, 0.80,-16.93, 0.00, 1.00, 0.00, 0.00
 1.39,-4.68, 0.80,-16.93, 0.00, 1.00, 0.00, 0.00
 1.39,-4.68, 0.80,-16.93, 0.00, 1.00, 0.00, 0.00
 1.39,-4.68, 0.80,-16.93, 0.00, 1.00, 0.00, 0.00
 1.39,-4.68, 0.80,-16.93, 0.00, 1.00, 0.00, 0.00
 1.39,-4.68, 0.80,-16.93, 0.00, 1.00, 0.00, 0.00
 1.39,-4.68, 0.80,-16.93, 0.00, 1.00, 0.00, 0.00
 1.39,-4.68, 0.80,-16.93, 0.00, 1.00, 0.00, 0.00
 1.39,-4.68, 0.80,-16.93, 0.00, 1.00, 0.00, 0.00
 1.39,-4.68, 0.80,-16.93, 0.00, 1.00, 0.00, 0.00
 1.39,-4.68, 0.80,-16.93, 0.00, 1.00, 0.00, 0.00
 1.39,-4.68, 0.80,-16.93, 0.00, 1.00, 0.00, 0.00
 1.39,-4.68, 0.80,-16.93, 0.00, 1.00, 0.00, 0.00
 1.39,-4.68, 0.80,-16.93, 0.00, 1.00, 0.00, 0.00
 1.39,-4.68, 0.80,-16.93, 0.00, 1.00, 0.00, 0.00
 1.39,-4.68, 0.80,-16.93, 0.00, 1.00, 1.00, 0.00
 1.39,-4.68, 0.80,-16.93, 0.00, 1.00, 1.00, 0.00
 1.39,-4.68, 0.80,-16.93, 0.00, 1.00, 1.00, 0.00
 1.39,-4.68, 0.80,-16.93, 0.00, 1.00, 1.00, 0.00
 1.39,-4.68, 0.80,-16.93, 0.00, 1.00, 1.00, 0.00
 1.39,-4.68, 0.80,-16.93, 0.00, 1.00, 1.00, 0.00
 1.39,-4.68, 0.80,-16.93, 0.00, 1.00, 1.00, 0.00
 1.39,-4.68, 0.80,-16.93, 0.00, 1.00, 1.00, 0.00
 1.39,-4.68, 0.80,-16.93, 0.00, 1.00, 1.00, 0.00
 1.39,-4.68, 0.80,-16.93, 0.00, 1.00, 1.00, 0.00
 1.39,-4.68, 0.80,-16.93, 0.00, 1.00, 1.00, 0.00
 1.39,-4.68, 0.80,-16.93, 0.00, 1.00, 1.00, 0.00
 1.39,-4.68, 0.80,-16.93, 0.00, 1.00, 1.00, 0.00
 1.39,-4.68, 0.80,-16.93, 0.00, 1.00, 1.00, 0.00
 1.39,-4.68, 0.80,-16.93, 0.00, 1.00, 1.00, 0.00
 1.39,-4.68, 0.80,-16.93, 0.00, 1.00, 1.00, 0.00
 1.39,-4.68, 0.80,-16.93, 0.00, 1.00, 1.00, 0.00
 1.39,-4.68, 0.80,-16.93, 0.00, 1.00, 1.00, 0.00
 1.39,-4.68, 0.80,-16.93, 0.00, 1.00, 1.00, 0.00
 1.39,-4.68, 0.80,-16.93, 0.00, 1.00, 1.00, 0.00
 1.39,-4.68, 0.80,-16.93, 0.00, 1.00, 1.00, 0.00
 1.39,-4.68, 0.80,-16.93, 0.00, 1.00, 1.00, 0.00
 1.39,-4.68, 0.80,-16.93, 0.00, 1.00, 1.00, 0.00
 1.39,-4.68, 0.80,-16.93, 0.00, 1.00, 1.00, 0.00
 1.39,-4.68, 0.80,-16.93, 0.00, 1.00, 1.00, 0.00
 1.39,-4.68, 0.80,-16.93, 0.00, 1.00, 1.00, 0.00
 1.39,-4.68, 0.80,-16.93, 0.00, 1.00, 1.00, 0.00
 1.39,-4.68, 0.80,-16.93, 0.00, 1.00, 1.00, 0.00
 1.39,-4.68, 0.80,-16.93, 0.00, 1.00, 1.00, 0.00
 1.39,-4.68, 0.80,-16.93, 0.00, 1.00, 1.00, 0.00
 1.39,-4.68, 0.80,-16.93, 0.00, 1.00, 1.00, 0.00
 1.39,-4.68, 0.80,-16.93, 0.00, 1.00, 1.00, 0.00
 1.39,-4.68, 0.80,-16.93, 0.00, 1.00, 1.00, 0.00
 1.39,-4.68, 0.80,-16.93, 0.00, 1.00, 1.00, 0.00
 1.39,-4.68, 0.80,-16.93, 0.00, 1.00, 1.00, 0.00
 1.39,-4.68, 0.80,-16.93, 0.00, 1.00, 1.00, 0.00
 1.39,-4.68, 0.80,-16.93, 0.00, 1.00, 1.00, 0.00
 1.39,-4.68, 0.80,-16.93, 0.00, 1.00, 1.00, 0.00
 1.39,-4.68, 0.80,-16.93, 0.00, 1.00, 1.00, 0.00
 1.39,-4.68, 0.80,-16.93, 0.00, 1.00, 1.00, 0.00
-0.14,-0.53, 1.39,-16.46, 0.00, 1.00, 1.00, 0.00
-0.13,-0.58, 1.39,-16.43, 0.00, 1.00, 1.00, 0.00
-0.11,-0.65, 1.39,-16.38, 0.00, 1.00, 1.00, 0.00
-0.09,-0.70, 1.39,-16.32, 0.00, 1.00, 1.00, 0.00
-0.09,-0.72, 1.38,-16.33, 0.00, 1.00, 1.00, 0.00
-0.07,-0.76, 1.38,-16.29, 0.00, 1.00, 1.00, 0.00
-0.05,-0.83, 1.38,-16.26, 0.00, 1.00, 1.00, 0.00
-0.03,-0.88, 1.38,-16.23, 0.00, 1.00, 1.00, 0.00
-0.02,-0.92, 1.38,-16.18, 0.00, 1.00, 1.00, 0.00
-0.00,-0.97, 1.38,-16.17, 0.00, 1.00, 1.00, 0.00
 0.01,-0.99, 1.38,-16.15, 0.00, 1.00, 1.00, 0.00
 0.03,-1.04, 1.38,-16.12, 0.00, 1.00, 1.00, 0.00
 0.04,-1.08, 1.37,-16.11, 0.00, 1.00, 1.00, 0.00
 0.06,-1.12, 1.37,-16.07, 0.00, 1.00, 1.00, 0.00
 0.09,-1.19, 1.37,-16.02, 0.00, 1.00, 1.00, 0.00
 0.11,-1.23, 1.37,-15.97, 0.00, 1.00, 1.00, 0.00
 0.12,-1.25, 1.37,-15.95, 0.00, 1.00, 1.00, 0.00
 0.15,-1.29, 1.37,-15.92, 0.00, 1.00, 1.00, 0.00
 0.18,-1.36, 1.36,-15.88, 0.00, 1.00, 1.00, 0.00
 0.20,-1.40, 1.36,-15.86, 0.00, 1.00, 1.00, 0.00
 0.21,-1.42, 1.36,-15.85, 0.00, 1.00, 1.00, 0.00
 0.24,-1.46, 1.36,-15.82, 0.00, 1.00, 1.00, 0.00
 0.26,-1.49, 1.36,-15.81, 0.00, 1.00, 1.00, 0.00
 0.28,-1.51, 1.35,-15.80, 0.00, 1.00, 1.00, 0.00
 0.31,-1.57, 1.35,-15.76, 0.00, 1.00, 1.00, 0.00
 0.34,-1.60, 1.35,-15.75, 0.00, 1.00, 1.00, 0.00
 0.38,-1.66, 1.35,-15.72, 0.00, 1.00, 0.00, 0.00
 0.39,-1.68, 1.35,-15.71, 0.00, 1.00, 0.00, 0.00
 0.42,-1.71, 1.34,-15.71, 0.00, 1.00, 0.00, 0.00
 0.46,-1.76, 1.34,-15.71, 0.00, 1.00, 1.00, 0.00
 0.49,-1.79, 1.34,-15.69, 0.00, 1.00, 1.00, 0.00
 0.52,-1.82, 1.34,-15.72, 0.00, 1.00, 1.00, 0.00
 0.55,-1.85, 1.33,-15.68, 0.00, 1.00, 1.00, 0.00
 0.58,-1.88, 1.33,-15.65, 0.00, 1.00, 1.00, 0.00
 0.60,-1.91, 1.33,-15.62, 0.00, 1.00, 1.00, 0.00
 0.62,-1.93, 1.33,-15.60, 0.00, 1.00, 1.00, 0.00
 0.64,-1.96, 1.33,-15.57, 0.00, 1.00, 1.00, 0.00
 0.67,-1.98, 1.32,-15.54, 0.00, 1.00, 1.00, 0.00
 0.70,-2.01, 1.32,-15.52, 0.00, 1.00, 1.00, 0.00
 0.72,-2.04, 1.32,-15.51, 0.00, 1.00, 1.00, 0.00
 0.75,-2.06, 1.32,-15.47, 0.00, 1.00, 1.00, 0.00
 0.79,-2.10, 1.31,-15.42, 0.00, 1.00, 1.00, 0.00
 0.80,-2.11, 1.31,-15.38, 0.00, 1.00, 1.00, 0.00
 0.83,-2.13, 1.31,-15.36, 0.00, 1.00, 1.00, 0.00
 0.86,-2.15, 1.31,-15.35, 0.00, 1.00, 1.00, 0.00
 0.89,-2.18, 1.30,-15.30, 0.00, 1.00, 1.00, 0.00
 0.92,-2.20, 1.30,-15.28, 0.00, 1.00, 1.00, 0.00
 0.95,-2.21, 1.30,-15.25, 0.00, 1.00, 1.00, 0.00
 0.99,-2.24, 1.29,-15.20, 0.00, 1.00, 1.00, 0.00
 1.02,-2.26, 1.29,-15.17, 0.00, 1.00, 1.00, 0.00
 1.04,-2.27, 1.29,-15.16, 0.00, 1.00, 1.00, 0.00
 1.08,-2.29, 1.28,-15.10, 0.00, 1.00, 1.00, 0.00
 1.10,-2.30, 1.28,-15.07, 0.00, 1.00, 1.00, 0.00
 1.14,-2.31, 1.28,-15.04, 0.00, 1.00, 1.00, 0.00
 1.16,-2.32, 1.27,-15.02, 0.00, 1.00, 1.00, 0.00
 1.19,-2.33, 1.27,-15.00, 0.00, 1.00, 1.00, 0.00
 1.22,-2.34, 1.27,-15.00, 0.00, 1.00, 0.00, 0.00
 1.26,-2.35, 1.26,-14.95, 0.00, 1.00, 0.00, 0.00
 1.29,-2.36, 1.26,-14.91, 0.00, 1.00, 0.00, 0.00
 1.32,-2.37, 1.26,-14.88, 0.00, 1.00, 0.00, 0.00
 1.36,-2.37, 1.25,-14.85, 0.00, 1.00, 0.00, 0.00
 1.39,-2.38, 1.25,-14.82, 0.00, 1.00, 0.00, 0.00
 1.42,-2.38, 1.25,-14.79, 0.00, 1.00, 0.00, 0.00
 1.46,-2.38, 1.25,-14.77, 0.00, 1.00, 0.00, 0.00
 1.49,-2.38, 1.24,-14.76, 0.00, 1.00, 0.00, 0.00
 1.53,-2.39, 1.24,-14.76, 0.00, 1.00, 0.00, 0.00
 1.58,-2.38, 1.24,-14.75, 0.00, 1.00, 0.00, 0.00
 1.59,-2.38, 1.24,-14.74, 0.00, 1.00, 0.00, 0.00
 1.63,-2.38, 1.23,-14.73, 0.00, 1.00, 0.00, 0.00
 1.68,-2.38, 1.23,-14.75, 0.00, 1.00, 0.00, 0.00
 1.71,-2.38, 1.22,-14.74, 0.00, 1.00, 0.00, 0.00
 1.74,-2.37, 1.22,-14.77, 0.00, 1.00, 0.00, 0.00
 1.76,-2.37, 1.22,-14.74, 0.00, 1.00, 0.00, 0.00
 1.79,-2.37, 1.22,-14.74, 0.00, 1.00, 0.00, 0.00
 1.82,-2.36, 1.22,-14.74, 0.00, 1.00, 0.00, 0.00
 1.85,-2.36, 1.21,-14.75, 0.00, 1.00, 0.00, 0.00
 1.90,-2.35, 1.21,-14.74, 0.00, 1.00, 0.00, 0.00
 1.93,-2.35, 1.21,-14.74, 0.00, 1.00, 0.00, 0.00
 1.94,-2.35, 1.21,-14.74, 0.00, 1.00, 0.00, 0.00
 1.98,-2.34, 1.21,-14.74, 0.00, 1.00, 0.00, 0.00
 2.00,-2.34, 1.21,-14.74, 0.00, 1.00, 0.00, 0.00
 2.03,-2.33, 1.21,-14.74, 0.00, 1.00, 0.00, 0.00
 2.05,-2.33, 1.20,-14.74, 0.00, 1.00, 0.00, 0.00
 2.08,-2.32, 1.20,-14.74, 0.00, 1.00, 0.00, 0.00
 2.12,-2.31, 1.20,-14.75, 0.00, 1.00, 0.00, 0.00
 2.14,-2.31, 1.20,-14.74, 0.00, 1.00, 0.00, 0.00
 2.16,-2.31, 1.20,-14.75, 0.00, 1.00, 1.00, 0.00
 2.18,-2.30, 1.20,-14.75, 0.00, 1.00, 1.00, 0.00
 2.21,-2.30, 1.20,-14.75, 0.00, 1.00, 1.00, 0.00
 2.23,-2.29, 1.20,-14.75, 0.00, 1.00, 1.00, 0.00
 2.25,-2.28, 1.20,-14.75, 0.00, 1.00, 1.00, 0.00
 2.29,-2.28, 1.19,-14.75, 0.00, 1.00, 1.00, 0.00
 2.30,-2.27, 1.19,-14.75, 0.00, 1.00, 1.00, 0.00
 2.33,-2.27, 1.19,-14.75, 0.00, 1.00, 1.00, 0.00
 2.34,-2.26, 1.19,-14.75, 0.00, 1.00, 1.00, 0.00
 2.36,-2.26, 1.19,-14.75, 0.00, 1.00, 1.00, 0.00
 2.38,-2.25, 1.19,-14.75, 0.00, 1.00, 1.00, 0.00
 2.40,-2.25, 1.19,-14.75, 0.00, 1.00, 1.00, 0.00
 2.43,-2.24, 1.19,-14.75, 0.00, 1.00, 1.00, 0.00
 2.45,-2.23, 1.19,-14.75, 0.00, 1.00, 1.00, 0.00
 2.46,-2.23, 1.19,-14.75, 0.00, 1.00, 1.00, 0.00
 2.48,-2.22, 1.19,-14.75, 0.00, 1.00, 1.00, 0.00
 2.49,-2.22, 1.19,-14.76, 0.00, 1.00, 1.00, 0.00
 2.51,-2.21, 1.19,-14.75, 0.00, 1.00, 1.00, 0.00
 2.53,-2.21, 1.19,-14.75, 0.00, 1.00, 1.00, 0.00
 2.54,-2.20, 1.19,-14.75, 0.00, 1.00, 1.00, 0.00
 2.56,-2.20, 1.19,-14.75, 0.00, 1.00, 1.00, 0.00
 2.57,-2.19, 1.19,-14.76, 0.00, 1.00, 1.00, 0.00
 2.59,-2.19, 1.19,-14.75, 0.00, 1.00, 1.00, 0.00
 2.60,-2.19, 1.19,-14.76, 0.00, 1.00, 1.00, 0.00
 2.62,-2.18, 1.19,-14.76, 0.00, 1.00, 1.00, 0.00
 2.63,-2.17, 1.19,-14.75, 0.00, 1.00, 1.00, 0.00
 2.64,-2.17, 1.19,-14.76, 0.00, 1.00, 1.00, 0.00
 2.66,-2.16, 1.19,-14.76, 0.00, 1.00, 1.00, 0.00
 2.67,-2.16, 1.19,-14.76, 0.00, 1.00, 1.00, 0.00
 2.68,-2.16, 1.19,-14.76, 0.00, 1.00, 1.00, 0.00
 2.70,-2.15, 1.19,-14.76, 0.00, 1.00, 1.00, 0.00
 2.71,-2.14, 1.19,-14.76, 0.00, 1.00, 1.00, 0.00
 2.72,-2.14, 1.18,-14.76, 0.00, 1.00, 1.00, 0.00
 2.73,-2.14, 1.19,-14.76, 0.00, 1.00, 1.00, 0.00
 2.74,-2.14, 1.19,-14.76, 0.00, 1.00, 1.00, 0.00
 2.75,-2.13, 1.18,-14.76, 0.00, 1.00, 1.00, 0.00
 2.77,-2.12, 1.18,-14.76, 0.00, 1.00, 1.00, 0.00
 2.77,-2.12, 1.18,-14.76, 0.00, 1.00, 1.00, 0.00
 2.78,-2.12, 1.18,-14.77, 0.00, 1.00, 1.00, 0.00
 2.79,-2.11, 1.18,-14.76, 0.00, 1.00, 1.00, 0.00
 2.80,-2.11, 1.18,-14.76, 0.00, 1.00, 1.00, 0.00
 2.81,-2.11, 1.18,-14.76, 0.00, 1.00, 1.00, 0.00
 2.82,-2.10, 1.18,-14.76, 0.00, 1.00, 1.00, 0.00
 2.82,-2.10, 1.18,-14.76, 0.00, 1.00, 1.00, 0.00
 2.84,-2.09, 1.18,-14.76, 0.00, 1.00, 1.00, 0.00
 2.84,-2.09, 1.18,-14.76, 0.00, 1.00, 1.00, 0.00
 2.85,-2.09, 1.18,-14.76, 0.00, 1.00, 1.00, 0.00
 2.86,-2.08, 1.18,-14.76, 0.00, 1.00, 1.00, 0.00
 2.86,-2.08, 1.18,-14.76, 0.00, 1.00, 1.00, 0.00
 2.86,-2.08, 1.18,-14.76, 0.00, 1.00, 1.00, 0.00
 2.88,-2.07, 1.18,-14.77, 0.00, 1.00, 1.00, 0.00
 2.88,-2.07, 1.18,-14.76, 0.00, 1.00, 1.00, 0.00
 2.89,-2.07, 1.18,-14.76, 0.00, 1.00, 1.00, 0.00
 2.90,-2.06, 1.18,-14.76, 0.00, 1.00, 1.00, 0.00
 2.91,-2.06, 1.18,-14.76, 0.00, 1.00, 0.00, 0.00
 2.91,-2.06, 1.19,-14.76, 0.00, 1.00, 0.00, 0.00
 2.91,-2.05, 1.19,-14.76, 0.00, 1.00, 0.00, 0.00
 2.92,-2.05, 1.19,-14.77, 0.00, 1.00, 0.00, 0.00
 2.93,-2.05, 1.19,-14.77, 0.00, 1.00, 0.00, 0.00
 2.93,-2.04, 1.19,-14.77, 0.00, 1.00, 0.00, 0.00
 2.94,-2.04, 1.19,-14.76, 0.00, 1.00, 0.00, 0.00
 2.94,-2.04, 1.19,-14.75, 0.00, 1.00, 0.00, 0.00
 2.95,-2.03, 1.19,-14.76, 0.00, 1.00, 1.00, 0.00
 2.95,-2.03, 1.19,-14.75, 0.00, 1.00, 1.00, 0.00
 2.95,-2.03, 1.19,-14.77, 0.00, 1.00, 1.00, 0.00
 2.96,-2.02, 1.19,-14.77, 0.00, 1.00, 1.00, 0.00
 2.96,-2.02, 1.19,-14.77, 0.00, 1.00, 1.00, 0.00
 2.97,-2.02, 1.19,-14.76, 0.00, 1.00, 1.00, 0.00
 2.97,-2.02, 1.19,-14.76, 0.00, 1.00, 1.00, 0.00
 2.98,-2.01, 1.19,-14.75, 0.00, 1.00, 1.00, 0.00
 2.98,-2.01, 1.19,-14.76, 0.00, 1.00, 1.00, 0.00
 2.98,-2.01, 1.19,-14.75, 0.00, 1.00, 1.00, 0.00
 2.99,-2.01, 1.19,-14.76, 0.00, 1.00, 1.00, 0.00
 2.99,-2.00, 1.19,-14.75, 0.00, 1.00, 1.00, 0.00
 2.99,-2.00, 1.19,-14.76, 0.00, 1.00, 1.00, 0.00
 3.00,-2.00, 1.19,-14.76, 0.00, 1.00, 1.00, 0.00
 3.00,-2.00, 1.19,-14.76, 0.00, 1.00, 1.00, 0.00
 3.00,-1.99, 1.19,-14.77, 0.00, 1.00, 1.00, 0.00
 3.00,-1.99, 1.19,-14.76, 0.00, 1.00, 1.00, 0.00
 3.01,-1.99, 1.19,-14.76, 0.00, 1.00, 1.00, 0.00
 3.01,-1.99, 1.19,-14.77, 0.00, 1.00, 1.00, 0.00
 3.01,-1.98, 1.18,-14.75, 0.00, 1.00, 1.00, 0.00
 3.02,-1.98, 1.18,-14.75, 0.00, 1.00, 1.00, 0.00
 3.02,-1.98, 1.18,-14.75, 0.00, 1.00, 1.00, 0.00
 3.02,-1.98, 1.18,-14.77, 0.00, 1.00, 1.00, 0.00
 3.02,-1.97, 1.18,-14.75, 0.00, 1.00, 1.00, 0.00
 3.02,-1.97, 1.19,-14.75, 0.00, 1.00, 1.00, 0.00
 3.03,-1.97, 1.18,-14.75, 0.00, 1.00, 1.00, 0.00
 3.03,-1.97, 1.18,-14.75, 0.00, 1.00, 1.00, 0.00
 3.03,-1.97, 1.18,-14.75, 0.00, 1.00, 1.00, 0.00
 3.03,-1.96, 1.18,-14.76, 0.00, 1.00, 1.00, 0.00
 3.03,-1.96, 1.18,-14.76, 0.00, 1.00, 1.00, 0.00
 3.03,-1.96, 1.18,-14.78, 0.00, 1.00, 1.00, 0.00
 3.04,-1.96, 1.18,-14.75, 0.00, 1.00, 1.00, 0.00
 3.04,-1.96, 1.18,-14.75, 0.00, 1.00, 0.00, 0.00
 3.04,-1.95, 1.18,-14.75, 0.00, 1.00, 0.00, 0.00
 3.04,-1.95, 1.18,-14.75, 0.00, 1.00,-1.00, 0.00
 3.04,-1.95, 1.18,-14.76, 0.00, 1.00,-1.00, 0.00
 3.04,-1.95, 1.18,-14.75, 0.00, 1.00,-1.00, 0.00
 3.04,-1.95, 1.18,-14.77, 0.00, 1.00,-1.00, 0.00
 3.04,-1.95, 1.18,-14.78, 0.00, 1.00,-1.00, 0.00
 3.04,-1.95, 1.18,-14.75, 0.00, 1.00,-1.00, 0.00
 3.04,-1.94, 1.18,-14.75, 0.00, 1.00,-1.00, 0.00
 3.04,-1.94, 1.18,-14.75, 0.00, 1.00,-1.00, 0.00
 3.03,-1.94, 1.18,-14.75, 0.00, 1.00,-1.00, 0.00
 3.03,-1.94, 1.18,-14.75, 0.00, 1.00,-1.00, 0.00
 3.03,-1.94, 1.18,-14.75, 0.00, 1.00,-1.00, 0.00
 3.03,-1.94, 1.18,-14.75, 0.00, 1.00,-1.00, 0.00
 3.03,-1.94, 1.18,-14.75, 0.00, 1.00,-1.00, 0.00
 3.03,-1.94, 1.18,-14.76, 0.00, 1.00,-1.00, 0.00
 3.03,-1.94, 1.18,-14.76, 0.00, 1.00,-1.00, 0.00
 3.03,-1.93, 1.18,-14.76, 0.00, 1.00,-1.00, 0.00
 3.03,-1.93, 1.18,-14.76, 0.00, 1.00,-1.00, 0.00
 3.03,-1.93, 1.18,-14.77, 0.00, 1.00,-1.00, 0.00
 3.03,-1.93, 1.18,-14.76, 0.00, 1.00,-1.00, 0.00
 3.03,-1.93, 1.18,-14.77, 0.00, 1.00,-1.00, 0.00
 3.02,-1.93, 1.18,-14.76, 0.00, 1.00,-1.00, 0.00
 3.02,-1.93, 1.17,-14.77, 0.00, 1.00,-1.00, 0.00
 3.02,-1.93, 1.18,-14.76, 0.00, 1.00,-1.00, 0.00
 3.02,-1.93, 1.17,-14.75, 0.00, 1.00,-1.00, 0.00
 3.02,-1.93, 1.17,-14.77, 0.00, 1.00,-1.00, 0.00
 3.02,-1.93, 1.17,-14.75, 0.00, 1.00,-1.00, 0.00
 3.02,-1.93, 1.17,-14.77, 0.00, 1.00,-1.00, 0.00
 3.02,-1.93, 1.17,-14.76, 0.00, 1.00,-1.00, 0.00
 3.02,-1.93, 1.17,-14.76, 0.00, 1.00,-1.00, 0.00
 3.02,-1.92, 1.17,-14.76, 0.00, 1.00,-1.00, 0.00
 3.01,-1.92, 1.17,-14.76, 0.00, 0.00, 0.00, 0.00
 3.01,-1.92, 1.17,-14.77, 0.00, 0.00, 0.00, 0.00
 3.01,-1.92, 1.17,-14.75, 0.00, 0.00, 0.00, 0.00
 3.01,-1.92, 1.17,-14.75, 0.00, 0.00, 0.00, 0.00
 3.01,-1.92, 1.17,-14.76, 0.00, 0.00, 0.00, 0.00
 3.01,-1.92, 1.17,-14.75, 0.00, 0.00, 0.00, 0.00
 3.01,-1.92, 1.17,-14.75, 0.00, 0.00, 0.00, 0.00
 3.01,-1.92, 1.17,-14.75, 0.00, 0.00, 0.00, 0.00
 3.01,-1.92, 1.17,-14.77, 0.00, 0.00, 0.00, 0.00
 3.00,-1.92, 1.17,-14.76, 1.00, 0.00, 0.00, 0.00
 3.00,-1.92, 1.17,-14.76, 1.00, 0.00, 0.00, 0.00
 3.00,-1.92, 1.17,-14.75, 1.00, 0.00, 0.00, 0.00
 3.00,-1.92, 1.17,-14.75, 1.00, 0.00, 0.00, 0.00
 3.00,-1.92, 1.17,-14.75, 1.00, 0.00,-1.00, 0.00
 3.00,-1.92, 1.17,-14.76, 1.00, 0.00,-1.00, 0.00
 3.00,-1.92, 1.17,-14.75, 1.00, 0.00,-1.00, 0.00
 3.00,-1.92, 1.17,-14.75, 1.00, 0.00,-1.00, 0.00
 3.00,-1.92, 1.17,-14.77, 1.00, 0.00,-1.00, 0.00
 3.00,-1.92, 1.17,-14.76, 1.00, 0.00,-1.00, 0.00
 2.99,-1.92, 1.17,-14.76, 1.00, 0.00,-1.00, 0.00
 2.99,-1.92, 1.17,-14.75, 1.00, 0.00,-1.00, 0.00
 2.99,-1.92, 1.17,-14.75, 1.00, 0.00,-1.00, 0.00
 2.99,-1.92, 1.17,-14.75, 1.00, 0.00,-1.00, 0.00
 2.99,-1.92, 1.17,-14.75, 1.00, 0.00,-1.00, 0.00
 2.99,-1.92, 1.17,-14.75, 1.00, 0.00,-1.00, 0.00
 2.99,-1.92, 1.17,-14.75, 1.00, 0.00,-1.00, 0.00
 2.99,-1.92, 1.18,-14.77, 1.00, 0.00,-1.00, 0.00
 2.99,-1.92, 1.18,-14.75, 1.00, 0.00,-1.00, 0.00
 2.99,-1.92, 1.18,-14.75, 1.00, 0.00,-1.00, 0.00
 2.99,-1.92, 1.18,-14.75, 1.00, 0.00,-1.00, 0.00
 2.99,-1.92, 1.18,-14.75, 1.00, 0.00,-1.00, 0.00
 2.98,-1.92, 1.18,-14.74, 1.00, 0.00,-1.00, 0.00
 2.98,-1.92, 1.18,-14.77, 1.00, 0.00,-1.00, 0.00
 2.98,-1.93, 1.18,-14.75, 1.00, 0.00,-1.00, 0.00
 2.98,-1.93, 1.18,-14.75, 1.00, 0.00,-1.00, 0.00
 2.98,-1.93, 1.18,-14.75, 1.00, 0.00,-1.00, 0.00
 2.98,-1.93, 1.18,-14.76, 1.00, 0.00,-1.00, 0.00
 2.98,-1.93, 1.18,-14.75, 1.00, 0.00,-1.00, 0.00
 2.98,-1.93, 1.18,-14.75, 1.00, 0.00,-1.00, 0.00
 2.98,-1.93, 1.18,-14.75, 1.00, 0.00,-1.00, 0.00
 2.98,-1.93, 1.18,-14.75, 1.00, 0.00,-1.00, 0.00
 2.98,-1.93, 1.18,-14.75, 1.00, 0.00,-1.00, 0.00
 2.97,-1.93, 1.18,-14.75, 1.00, 0.00,-1.00, 0.00
 2.97,-1.93, 1.18,-14.75, 1.00, 0.00,-1.00, 0.00
 2.97,-1.93, 1.18,-14.77, 1.00, 0.00,-1.00, 0.00
 2.97,-1.93, 1.18,-14.75, 1.00, 0.00,-1.00, 0.00
 2.97,-1.93, 1.18,-14.75, 1.00, 0.00,-1.00, 0.00
 2.97,-1.93, 1.18,-14.75, 1.00, 0.00,-1.00, 0.00
 2.97,-1.93, 1.19,-14.75, 1.00, 0.00,-1.00, 0.00
 2.97,-1.93, 1.19,-14.76, 0.00, 0.00,-1.00, 0.00
 2.97,-1.93, 1.19,-14.75, 0.00, 0.00, 0.00, 0.00
 2.97,-1.93, 1.19,-14.76, 0.00, 0.00, 0.00, 0.00
 2.97,-1.93, 1.19,-14.75, 0.00, 0.00, 0.00, 0.00
 2.97,-1.93, 1.19,-14.76, 0.00, 0.00, 0.00, 0.00
 2.96,-1.93, 1.19,-14.76, 0.00, 0.00, 0.00, 0.00
 2.96,-1.93, 1.19,-14.75, 0.00, 0.00, 0.00, 0.00
 2.96,-1.94, 1.19,-14.75, 0.00, 0.00, 0.00, 0.00
 2.96,-1.94, 1.19,-14.75, 0.00, 0.00, 0.00, 0.00
 2.96,-1.94, 1.19,-14.74, 0.00, 0.00, 0.00, 0.00
 2.96,-1.94, 1.19,-14.75, 0.00, 0.00, 0.00, 0.00
 2.96,-1.94, 1.19,-14.75, 0.00, 0.00, 0.00, 0.00
 2.96,-1.94, 1.19,-14.76, 0.00, 0.00, 0.00, 0.00
 2.96,-1.94, 1.20,-14.76, 0.00, 0.00, 0.00, 0.00
 2.96,-1.94, 1.20,-14.75, 0.00, 0.00, 0.00, 0.00
 2.96,-1.94, 1.20,-14.75, 0.00, 0.00, 0.00, 0.00
 2.96,-1.94, 1.20,-14.76, 0.00, 0.00, 0.00, 0.00
 2.96,-1.94, 1.20,-14.75, 0.00, 0.00, 0.00, 0.00
 2.96,-1.94, 1.20,-14.75, 0.00, 0.00, 0.00, 0.00
 2.96,-1.94, 1.20,-14.75, 0.00, 0.00, 0.00, 0.00
 2.96,-1.94, 1.20,-14.75, 0.00, 0.00, 0.00, 0.00
 2.96,-1.94, 1.20,-14.75, 0.00, 0.00, 0.00, 0.00
 2.96,-1.94, 1.20,-14.75, 0.00, 0.00, 0.00, 0.00
 2.96,-1.94, 1.20,-14.75, 0.00, 0.00, 0.00, 0.00
 2.95,-1.94, 1.20,-14.75, 0.00, 0.00, 0.00, 0.00
 2.95,-1.94, 1.20,-14.75, 0.00, 0.00, 0.00, 0.00
 2.95,-1.94, 1.20,-14.75, 0.00, 0.00, 0.00, 0.00
 2.95,-1.94, 1.20,-14.76, 0.00, 0.00, 0.00, 0.00
 2.95,-1.94, 1.20,-14.75, 0.00, 0.00, 0.00, 0.00
 2.95,-1.94, 1.20,-14.75, 0.00, 0.00, 0.00, 0.00
 2.95,-1.94, 1.21,-14.75, 0.00, 0.00, 0.00, 0.00
 2.95,-1.94, 1.21,-14.75, 0.00, 0.00, 0.00, 0.00
 2.95,-1.94, 1.21,-14.75, 0.00, 0.00, 0.00, 0.00
 2.95,-1.94, 1.21,-14.76, 0.00, 0.00, 0.00, 0.00
 2.95,-1.94, 1.21,-14.76, 0.00, 0.00, 0.00, 0.00
 2.95,-1.94, 1.21,-14.75, 0.00, 0.00, 0.00, 0.00
 2.95,-1.94, 1.21,-14.75, 0.00, 0.00, 0.00, 0.00
 2.95,-1.94, 1.21,-14.77, 0.00, 0.00, 0.00, 0.00
 2.95,-1.94, 1.21,-14.75, 0.00, 0.00, 0.00, 0.00
 2.95,-1.94, 1.21,-14.75, 0.00, 0.00, 0.00, 0.00
 2.95,-1.94, 1.21,-14.76, 0.00, 0.00, 0.00, 0.00
 2.95,-1.94, 1.21,-14.76, 0.00, 0.00, 0.00, 0.00
 2.95,-1.94, 1.21,-14.77, 0.00, 0.00, 0.00, 0.00
 2.95,-1.94, 1.22,-14.76, 0.00, 0.00, 0.00, 0.00
 2.95,-1.94, 1.22,-14.77, 0.00, 0.00, 0.00, 0.00
 2.95,-1.94, 1.22,-14.76, 0.00, 0.00, 0.00, 0.00
 2.95,-1.94, 1.22,-14.75, 0.00, 0.00, 0.00, 0.00
 2.95,-1.94, 1.22,-14.75, 0.00, 0.00, 0.00, 0.00
 2.95,-1.94, 1.22,-14.75, 0.00, 0.00, 0.00, 0.00
 2.95,-1.94, 1.22,-14.75, 0.00, 0.00, 0.00, 0.00
 2.94,-1.94, 1.22,-14.75, 0.00, 0.00, 0.00, 0.00
 2.94,-1.94, 1.22,-14.75, 0.00, 0.00, 0.00, 0.00
 2.94,-1.94, 1.22,-14.74, 0.00, 0.00, 0.00, 0.00
 2.94,-1.94, 1.22,-14.75, 0.00, 0.00, 0.00, 0.00
 2.94,-1.94, 1.22,-14.75, 0.00, 0.00, 0.00, 0.00
 2.94,-1.94, 1.22,-14.75, 0.00, 0.00, 0.00, 0.00
 2.94,-1.94, 1.22,-14.75, 0.00, 0.00, 0.00, 0.00
 2.94,-1.94, 1.22,-14.75, 0.00, 0.00, 0.00, 0.00
 2.94,-1.94, 1.22,-14.76, 0.00, 0.00, 0.00, 0.00
 2.94,-1.94, 1.22,-14.75, 0.00, 0.00, 0.00, 0.00
 2.94,-1.94, 1.22,-14.76, 0.00, 0.00, 0.00, 0.00
 2.94,-1.94, 1.22,-14.76, 0.00, 0.00, 0.00, 0.00
 2.94,-1.94, 1.22,-14.75, 0.00, 0.00, 0.00, 0.00
 2.94,-1.94, 1.22,-14.75, 0.00, 0.00, 0.00, 0.00
 2.94,-1.94, 1.22,-14.76, 0.00, 0.00, 0.00, 0.00
 2.94,-1.94, 1.23,-14.76, 0.00, 0.00, 0.00, 0.00
 2.94,-1.94, 1.23,-14.75, 0.00, 0.00, 0.00, 0.00
 2.94,-1.94, 1.23,-14.75, 0.00, 0.00, 0.00, 0.00
 2.94,-1.94, 1.23,-14.75, 0.00, 0.00, 0.00, 0.00
 2.94,-1.94, 1.22,-14.77, 0.00, 0.00, 0.00, 0.00
 2.94,-1.94, 1.22,-14.75, 0.00, 0.00, 0.00, 0.00
 2.94,-1.94, 1.22,-14.75, 0.00, 0.00, 0.00, 0.00
 2.94,-1.94, 1.23,-14.76, 0.00, 0.00, 0.00, 0.00
 2.93,-1.94, 1.23,-14.76, 0.00, 0.00, 0.00, 0.00
 2.93,-1.94, 1.23,-14.76, 0.00, 0.00, 0.00, 0.00
 2.93,-1.94, 1.23,-14.76, 0.00, 0.00, 0.00, 0.00
 2.93,-1.94, 1.23,-14.76, 0.00, 0.00, 0.00, 0.00
 2.93,-1.94, 1.23,-14.76, 0.00, 0.00, 0.00, 0.00
 2.93,-1.94, 1.23,-14.76, 0.00, 0.00, 0.00, 0.00
 2.93,-1.94, 1.23,-14.75, 0.00, 0.00, 0.00, 0.00
 2.93,-1.94, 1.23,-14.75, 0.00, 0.00, 0.00, 0.00
 2.93,-1.94, 1.23,-14.75, 0.00, 0.00, 0.00, 0.00
 2.93,-1.94, 1.23,-14.76, 0.00, 0.00, 0.00, 0.00
 2.93,-1.94, 1.23,-14.76, 0.00, 0.00, 0.00, 0.00
 2.93,-1.94, 1.23,-14.76, 0.00, 0.00, 0.00, 0.00
 2.93,-1.94, 1.22,-14.75, 0.00, 0.00, 0.00, 0.00
 2.93,-1.94, 1.22,-14.75, 0.00, 0.00, 0.00, 0.00
 2.93,-1.94, 1.22,-14.75, 0.00, 0.00, 0.00, 0.00
 2.93,-1.94, 1.22,-14.75, 0.00, 0.00, 0.00, 0.00
 2.93,-1.94, 1.22,-14.75, 0.00, 0.00, 0.00, 0.00
 2.93,-1.94, 1.22,-14.75, 0.00, 0.00, 0.00, 0.00
 2.93,-1.94, 1.22,-14.75, 0.00, 0.00, 0.00, 0.00
 2.93,-1.94, 1.22,-14.76, 0.00, 0.00, 0.00, 0.00
 2.93,-1.93, 1.22,-14.76, 0.00, 0.00, 0.00, 0.00
 2.92,-1.93, 1.22,-14.76, 0.00, 0.00, 0.00, 0.00
 2.92,-1.93, 1.22,-14.75, 0.00, 0.00, 0.00, 0.00
 2.92,-1.93, 1.22,-14.75, 0.00, 0.00, 0.00, 0.00
 2.92,-1.93, 1.22,-14.76, 0.00, 0.00, 0.00, 0.00
 2.92,-1.93, 1.22,-14.76, 0.00, 0.00, 0.00, 0.00
 2.92,-1.93, 1.22,-14.76, 0.00, 0.00, 0.00, 0.00
 2.92,-1.93, 1.22,-14.75, 0.00, 0.00, 0.00, 0.00
 2.92,-1.93, 1.22,-14.76, 0.00, 0.00, 0.00, 0.00
 2.92,-1.93, 1.22,-14.76, 0.00, 0.00, 0.00, 0.00
 2.92,-1.93, 1.22,-14.75, 0.00, 0.00, 0.00, 0.00
 2.92,-1.93, 1.22,-14.75, 0.00, 0.00, 0.00, 0.00
 2.92,-1.93, 1.22,-14.76, 0.00, 0.00, 0.00, 0.00
 2.92,-1.93, 1.22,-14.76, 0.00, 0.00, 0.00, 0.00
 2.92,-1.93, 1.22,-14.76, 0.00, 0.00, 0.00, 0.00
 2.92,-1.93, 1.22,-14.75, 0.00, 0.00, 0.00, 0.00
 2.92,-1.93, 1.22,-14.75, 0.00, 0.00, 0.00, 0.00
 2.92,-1.93, 1.22,-14.75, 0.00, 0.00, 0.00, 0.00
 2.92,-1.93, 1.22,-14.75, 0.00, 0.00, 0.00, 0.00
 2.92,-1.93, 1.22,-14.75, 0.00, 0.00, 0.00, 0.00
 2.92,-1.93, 1.22,-14.74, 0.00, 0.00, 0.00, 0.00
 2.92,-1.93, 1.22,-14.74, 0.00, 0.00, 0.00, 0.00
 2.92,-1.93, 1.22,-14.74, 0.00, 0.00, 0.00, 0.00
 2.92,-1.93, 1.22,-14.74, 0.00, 0.00, 0.00, 0.00
 2.92,-1.93, 1.22,-14.75, 0.00, 0.00, 0.00, 0.00
 2.92,-1.93, 1.22,-14.76, 0.00, 0.00, 0.00, 0.00
 2.92,-1.93, 1.22,-14.77, 0.00, 0.00, 0.00, 0.00
 2.92,-1.93, 1.22,-14.77, 0.00, 0.00, 0.00, 0.00
 2.92,-1.93, 1.22,-14.77, 0.00, 0.00, 0.00, 0.00
 2.92,-1.93, 1.22,-14.76, 0.00, 0.00, 0.00, 0.00
 2.92,-1.93, 1.22,-14.76, 0.00, 0.00, 0.00, 0.00
 2.92,-1.93, 1.22,-14.76, 0.00, 0.00, 0.00, 0.00
 2.92,-1.93, 1.22,-14.76, 0.00, 0.00, 0.00, 0.00
 2.92,-1.93, 1.22,-14.76, 0.00, 0.00, 0.00, 0.00
 2.92,-1.93, 1.22,-14.77, 0.00, 0.00, 0.00, 0.00
 2.92,-1.94, 1.22,-14.77, 0.00, 0.00, 0.00, 0.00
 2.92,-1.94, 1.22,-14.78, 0.00, 0.00, 0.00, 0.00
 2.92,-1.94, 1.22,-14.76, 0.00, 0.00, 0.00, 0.00
 2.92,-1.94, 1.22,-14.76, 0.00, 0.00, 0.00, 0.00
 2.92,-1.94, 1.22,-14.76, 0.00, 0.00, 0.00, 0.00
 2.92,-1.94, 1.22,-14.76, 0.00, 0.00, 0.00, 0.00
 2.92,-1.94, 1.22,-14.76, 0.00, 0.00, 0.00, 0.00
 2.92,-1.94, 1.22,-14.76, 0.00, 0.00, 0.00, 0.00
 2.92,-1.94, 1.22,-14.76, 0.00, 0.00, 0.00, 0.00
 2.92,-1.94, 1.22,-14.76, 0.00, 0.00, 0.00, 0.00
 2.92,-1.94, 1.22,-14.75, 0.00, 0.00, 0.00, 0.00
 2.92,-1.94, 1.22,-14.76, 0.00, 0.00, 0.00, 0.00
 2.92,-1.94, 1.22,-14.76, 0.00, 0.00, 0.00, 0.00
 2.92,-1.94, 1.22,-14.76, 0.00, 0.00, 0.00, 0.00
 2.93,-1.94, 1.22,-14.75, 0.00, 0.00, 0.00, 0.00
 2.93,-1.94, 1.22,-14.75, 0.00, 0.00, 0.00, 0.00
 2.93,-1.94, 1.22,-14.76, 0.00, 0.00, 0.00, 0.00
 2.93,-1.94, 1.22,-14.76, 0.00, 0.00, 0.00, 0.00
 2.93,-1.94, 1.22,-14.76, 0.00, 0.00, 0.00, 0.00
 2.93,-1.94, 1.22,-14.76, 0.00, 0.00, 0.00, 0.00
 2.93,-1.94, 1.22,-14.75, 0.00, 0.00, 0.00, 0.00
 2.93,-1.94, 1.22,-14.75, 0.00, 0.00, 0.00, 0.00
 2.93,-1.94, 1.22,-14.76, 0.00, 0.00, 0.00, 0.00
 2.93,-1.94, 1.22,-14.77, 0.00, 0.00, 0.00, 0.00
 2.93,-1.95, 1.22,-14.76, 0.00, 0.00, 0.00, 0.00
 2.93,-1.95, 1.22,-14.76, 0.00, 0.00, 0.00, 0.00
 2.93,-1.95, 1.22,-14.76, 0.00, 0.00, 0.00, 0.00
 2.93,-1.95, 1.22,-14.76, 0.00, 0.00, 0.00, 0.00
 2.93,-1.95, 1.22,-14.75, 0.00, 0.00, 0.00, 0.00
 2.93,-1.95, 1.22,-14.75, 0.00, 0.00, 0.00, 0.00
 2.93,-1.95, 1.22,-14.76, 0.00, 0.00, 0.00, 0.00
 2.93,-1.95, 1.22,-14.77, 0.00, 0.00, 0.00, 0.00
 2.93,-1.95, 1.22,-14.75, 0.00, 0.00, 0.00, 0.00
 2.93,-1.95, 1.22,-14.75, 0.00, 0.00, 0.00, 0.00
 2.93,-1.95, 1.22,-14.75, 0.00, 0.00, 0.00, 0.00
 2.92,-1.95, 1.22,-14.76, 0.00, 0.00, 0.00, 0.00
 2.92,-1.95, 1.22,-14.75, 0.00, 0.00, 0.00, 0.00
 2.92,-1.96, 1.22,-14.75, 0.00, 0.00, 0.00, 0.00
 2.92,-1.96, 1.22,-14.75, 0.00, 0.00, 0.00, 0.00
 2.92,-1.96, 1.22,-14.76, 0.00, 0.00, 0.00, 0.00
 2.92,-1.96, 1.22,-14.76, 0.00, 0.00, 0.00, 0.00
 2.92,-1.96, 1.22,-14.75, 0.00, 0.00, 0.00, 0.00
 2.92,-1.96, 1.22,-14.76, 0.00, 0.00, 0.00, 0.00
 2.92,-1.96, 1.22,-14.76, 0.00, 0.00, 0.00, 0.00
 2.92,-1.96, 1.22,-14.76, 0.00, 0.00, 0.00, 0.00
 2.92,-1.96, 1.22,-14.75, 0.00, 0.00, 0.00, 0.00
 2.92,-1.96, 1.22,-14.75, 0.00, 0.00, 0.00, 0.00
 2.92,-1.96, 1.22,-14.76, 0.00, 0.00, 0.00, 0.00
 2.92,-1.96, 1.22,-14.76, 0.00, 0.00, 0.00, 0.00
 2.92,-1.96, 1.22,-14.76, 0.00, 0.00, 0.00, 0.00
 2.92,-1.97, 1.22,-14.75, 0.00, 0.00, 0.00, 0.00
 2.92,-1.97, 1.22,-14.75, 0.00, 0.00, 0.00, 0.00
 2.92,-1.97, 1.22,-14.75, 0.00, 0.00, 0.00, 0.00
 2.92,-1.97, 1.22,-14.75, 0.00, 0.00, 0.00, 0.00
 2.92,-1.97, 1.22,-14.76, 0.00, 0.00, 0.00, 0.00
 2.92,-1.97, 1.22,-14.75, 0.00, 0.00, 0.00, 0.00
 2.92,-1.97, 1.22,-14.75, 0.00, 0.00, 0.00, 0.00
 2.92,-1.97, 1.22,-14.75, 0.00, 0.00, 0.00, 0.00
 2.92,-1.97, 1.22,-14.76, 0.00, 0.00, 0.00, 0.00
 2.92,-1.97, 1.22,-14.75, 0.00, 0.00, 0.00, 0.00
 2.92,-1.97, 1.22,-14.76, 0.00, 0.00, 0.00, 0.00
